4624
0 	0
2 	0
4.1 	0
6.305 	0
8.62025 	0
11.0513 	0
13.6038 	0
16.284 	0
19.0982 	0
22.0531 	0
25.1558 	0
28.4136 	0
31.8343 	0
35.426 	0
39.1973 	0
43.1571 	0
47.315 	0
51.6807 	0
56.2648 	0
61.078 	0
66.1319 	0
71.4385 	0
77.0104 	0
82.861 	0
89.004 	0
95.4542 	0
102.227 	0
109.338 	0
116.805 	0
124.645 	0
132.878 	0
141.522 	0
150.598 	0
160.128 	0
170.134 	0
180.641 	0
191.673 	0
203.256 	0
215.419 	0
228.19 	0
241.6 	0
255.68 	0
270.464 	0
285.987 	0
302.286 	0
319.4 	0
337.37 	0
356.239 	0
376.051 	0
396.853 	0
418.696 	0
441.631 	0
465.712 	0
490.998 	0
517.548 	0
545.425 	0
574.696 	0
605.431 	0
637.703 	0
671.588 	0
707.167 	0
744.526 	0
783.752 	0
824.94 	0
868.187 	0
913.596 	0
961.276 	0
1000 	0
0 	2
2 	2
4.1 	2
6.305 	2
8.62025 	2
11.0513 	2
13.6038 	2
16.284 	2
19.0982 	2
22.0531 	2
25.1558 	2
28.4136 	2
31.8343 	2
35.426 	2
39.1973 	2
43.1571 	2
47.315 	2
51.6807 	2
56.2648 	2
61.078 	2
66.1319 	2
71.4385 	2
77.0104 	2
82.861 	2
89.004 	2
95.4542 	2
102.227 	2
109.338 	2
116.805 	2
124.645 	2
132.878 	2
141.522 	2
150.598 	2
160.128 	2
170.134 	2
180.641 	2
191.673 	2
203.256 	2
215.419 	2
228.19 	2
241.6 	2
255.68 	2
270.464 	2
285.987 	2
302.286 	2
319.4 	2
337.37 	2
356.239 	2
376.051 	2
396.853 	2
418.696 	2
441.631 	2
465.712 	2
490.998 	2
517.548 	2
545.425 	2
574.696 	2
605.431 	2
637.703 	2
671.588 	2
707.167 	2
744.526 	2
783.752 	2
824.94 	2
868.187 	2
913.596 	2
961.276 	2
1000 	2
0 	4.1
2 	4.1
4.1 	4.1
6.305 	4.1
8.62025 	4.1
11.0513 	4.1
13.6038 	4.1
16.284 	4.1
19.0982 	4.1
22.0531 	4.1
25.1558 	4.1
28.4136 	4.1
31.8343 	4.1
35.426 	4.1
39.1973 	4.1
43.1571 	4.1
47.315 	4.1
51.6807 	4.1
56.2648 	4.1
61.078 	4.1
66.1319 	4.1
71.4385 	4.1
77.0104 	4.1
82.861 	4.1
89.004 	4.1
95.4542 	4.1
102.227 	4.1
109.338 	4.1
116.805 	4.1
124.645 	4.1
132.878 	4.1
141.522 	4.1
150.598 	4.1
160.128 	4.1
170.134 	4.1
180.641 	4.1
191.673 	4.1
203.256 	4.1
215.419 	4.1
228.19 	4.1
241.6 	4.1
255.68 	4.1
270.464 	4.1
285.987 	4.1
302.286 	4.1
319.4 	4.1
337.37 	4.1
356.239 	4.1
376.051 	4.1
396.853 	4.1
418.696 	4.1
441.631 	4.1
465.712 	4.1
490.998 	4.1
517.548 	4.1
545.425 	4.1
574.696 	4.1
605.431 	4.1
637.703 	4.1
671.588 	4.1
707.167 	4.1
744.526 	4.1
783.752 	4.1
824.94 	4.1
868.187 	4.1
913.596 	4.1
961.276 	4.1
1000 	4.1
0 	6.305
2 	6.305
4.1 	6.305
6.305 	6.305
8.62025 	6.305
11.0513 	6.305
13.6038 	6.305
16.284 	6.305
19.0982 	6.305
22.0531 	6.305
25.1558 	6.305
28.4136 	6.305
31.8343 	6.305
35.426 	6.305
39.1973 	6.305
43.1571 	6.305
47.315 	6.305
51.6807 	6.305
56.2648 	6.305
61.078 	6.305
66.1319 	6.305
71.4385 	6.305
77.0104 	6.305
82.861 	6.305
89.004 	6.305
95.4542 	6.305
102.227 	6.305
109.338 	6.305
116.805 	6.305
124.645 	6.305
132.878 	6.305
141.522 	6.305
150.598 	6.305
160.128 	6.305
170.134 	6.305
180.641 	6.305
191.673 	6.305
203.256 	6.305
215.419 	6.305
228.19 	6.305
241.6 	6.305
255.68 	6.305
270.464 	6.305
285.987 	6.305
302.286 	6.305
319.4 	6.305
337.37 	6.305
356.239 	6.305
376.051 	6.305
396.853 	6.305
418.696 	6.305
441.631 	6.305
465.712 	6.305
490.998 	6.305
517.548 	6.305
545.425 	6.305
574.696 	6.305
605.431 	6.305
637.703 	6.305
671.588 	6.305
707.167 	6.305
744.526 	6.305
783.752 	6.305
824.94 	6.305
868.187 	6.305
913.596 	6.305
961.276 	6.305
1000 	6.305
0 	8.62025
2 	8.62025
4.1 	8.62025
6.305 	8.62025
8.62025 	8.62025
11.0513 	8.62025
13.6038 	8.62025
16.284 	8.62025
19.0982 	8.62025
22.0531 	8.62025
25.1558 	8.62025
28.4136 	8.62025
31.8343 	8.62025
35.426 	8.62025
39.1973 	8.62025
43.1571 	8.62025
47.315 	8.62025
51.6807 	8.62025
56.2648 	8.62025
61.078 	8.62025
66.1319 	8.62025
71.4385 	8.62025
77.0104 	8.62025
82.861 	8.62025
89.004 	8.62025
95.4542 	8.62025
102.227 	8.62025
109.338 	8.62025
116.805 	8.62025
124.645 	8.62025
132.878 	8.62025
141.522 	8.62025
150.598 	8.62025
160.128 	8.62025
170.134 	8.62025
180.641 	8.62025
191.673 	8.62025
203.256 	8.62025
215.419 	8.62025
228.19 	8.62025
241.6 	8.62025
255.68 	8.62025
270.464 	8.62025
285.987 	8.62025
302.286 	8.62025
319.4 	8.62025
337.37 	8.62025
356.239 	8.62025
376.051 	8.62025
396.853 	8.62025
418.696 	8.62025
441.631 	8.62025
465.712 	8.62025
490.998 	8.62025
517.548 	8.62025
545.425 	8.62025
574.696 	8.62025
605.431 	8.62025
637.703 	8.62025
671.588 	8.62025
707.167 	8.62025
744.526 	8.62025
783.752 	8.62025
824.94 	8.62025
868.187 	8.62025
913.596 	8.62025
961.276 	8.62025
1000 	8.62025
0 	11.0513
2 	11.0513
4.1 	11.0513
6.305 	11.0513
8.62025 	11.0513
11.0513 	11.0513
13.6038 	11.0513
16.284 	11.0513
19.0982 	11.0513
22.0531 	11.0513
25.1558 	11.0513
28.4136 	11.0513
31.8343 	11.0513
35.426 	11.0513
39.1973 	11.0513
43.1571 	11.0513
47.315 	11.0513
51.6807 	11.0513
56.2648 	11.0513
61.078 	11.0513
66.1319 	11.0513
71.4385 	11.0513
77.0104 	11.0513
82.861 	11.0513
89.004 	11.0513
95.4542 	11.0513
102.227 	11.0513
109.338 	11.0513
116.805 	11.0513
124.645 	11.0513
132.878 	11.0513
141.522 	11.0513
150.598 	11.0513
160.128 	11.0513
170.134 	11.0513
180.641 	11.0513
191.673 	11.0513
203.256 	11.0513
215.419 	11.0513
228.19 	11.0513
241.6 	11.0513
255.68 	11.0513
270.464 	11.0513
285.987 	11.0513
302.286 	11.0513
319.4 	11.0513
337.37 	11.0513
356.239 	11.0513
376.051 	11.0513
396.853 	11.0513
418.696 	11.0513
441.631 	11.0513
465.712 	11.0513
490.998 	11.0513
517.548 	11.0513
545.425 	11.0513
574.696 	11.0513
605.431 	11.0513
637.703 	11.0513
671.588 	11.0513
707.167 	11.0513
744.526 	11.0513
783.752 	11.0513
824.94 	11.0513
868.187 	11.0513
913.596 	11.0513
961.276 	11.0513
1000 	11.0513
0 	13.6038
2 	13.6038
4.1 	13.6038
6.305 	13.6038
8.62025 	13.6038
11.0513 	13.6038
13.6038 	13.6038
16.284 	13.6038
19.0982 	13.6038
22.0531 	13.6038
25.1558 	13.6038
28.4136 	13.6038
31.8343 	13.6038
35.426 	13.6038
39.1973 	13.6038
43.1571 	13.6038
47.315 	13.6038
51.6807 	13.6038
56.2648 	13.6038
61.078 	13.6038
66.1319 	13.6038
71.4385 	13.6038
77.0104 	13.6038
82.861 	13.6038
89.004 	13.6038
95.4542 	13.6038
102.227 	13.6038
109.338 	13.6038
116.805 	13.6038
124.645 	13.6038
132.878 	13.6038
141.522 	13.6038
150.598 	13.6038
160.128 	13.6038
170.134 	13.6038
180.641 	13.6038
191.673 	13.6038
203.256 	13.6038
215.419 	13.6038
228.19 	13.6038
241.6 	13.6038
255.68 	13.6038
270.464 	13.6038
285.987 	13.6038
302.286 	13.6038
319.4 	13.6038
337.37 	13.6038
356.239 	13.6038
376.051 	13.6038
396.853 	13.6038
418.696 	13.6038
441.631 	13.6038
465.712 	13.6038
490.998 	13.6038
517.548 	13.6038
545.425 	13.6038
574.696 	13.6038
605.431 	13.6038
637.703 	13.6038
671.588 	13.6038
707.167 	13.6038
744.526 	13.6038
783.752 	13.6038
824.94 	13.6038
868.187 	13.6038
913.596 	13.6038
961.276 	13.6038
1000 	13.6038
0 	16.284
2 	16.284
4.1 	16.284
6.305 	16.284
8.62025 	16.284
11.0513 	16.284
13.6038 	16.284
16.284 	16.284
19.0982 	16.284
22.0531 	16.284
25.1558 	16.284
28.4136 	16.284
31.8343 	16.284
35.426 	16.284
39.1973 	16.284
43.1571 	16.284
47.315 	16.284
51.6807 	16.284
56.2648 	16.284
61.078 	16.284
66.1319 	16.284
71.4385 	16.284
77.0104 	16.284
82.861 	16.284
89.004 	16.284
95.4542 	16.284
102.227 	16.284
109.338 	16.284
116.805 	16.284
124.645 	16.284
132.878 	16.284
141.522 	16.284
150.598 	16.284
160.128 	16.284
170.134 	16.284
180.641 	16.284
191.673 	16.284
203.256 	16.284
215.419 	16.284
228.19 	16.284
241.6 	16.284
255.68 	16.284
270.464 	16.284
285.987 	16.284
302.286 	16.284
319.4 	16.284
337.37 	16.284
356.239 	16.284
376.051 	16.284
396.853 	16.284
418.696 	16.284
441.631 	16.284
465.712 	16.284
490.998 	16.284
517.548 	16.284
545.425 	16.284
574.696 	16.284
605.431 	16.284
637.703 	16.284
671.588 	16.284
707.167 	16.284
744.526 	16.284
783.752 	16.284
824.94 	16.284
868.187 	16.284
913.596 	16.284
961.276 	16.284
1000 	16.284
0 	19.0982
2 	19.0982
4.1 	19.0982
6.305 	19.0982
8.62025 	19.0982
11.0513 	19.0982
13.6038 	19.0982
16.284 	19.0982
19.0982 	19.0982
22.0531 	19.0982
25.1558 	19.0982
28.4136 	19.0982
31.8343 	19.0982
35.426 	19.0982
39.1973 	19.0982
43.1571 	19.0982
47.315 	19.0982
51.6807 	19.0982
56.2648 	19.0982
61.078 	19.0982
66.1319 	19.0982
71.4385 	19.0982
77.0104 	19.0982
82.861 	19.0982
89.004 	19.0982
95.4542 	19.0982
102.227 	19.0982
109.338 	19.0982
116.805 	19.0982
124.645 	19.0982
132.878 	19.0982
141.522 	19.0982
150.598 	19.0982
160.128 	19.0982
170.134 	19.0982
180.641 	19.0982
191.673 	19.0982
203.256 	19.0982
215.419 	19.0982
228.19 	19.0982
241.6 	19.0982
255.68 	19.0982
270.464 	19.0982
285.987 	19.0982
302.286 	19.0982
319.4 	19.0982
337.37 	19.0982
356.239 	19.0982
376.051 	19.0982
396.853 	19.0982
418.696 	19.0982
441.631 	19.0982
465.712 	19.0982
490.998 	19.0982
517.548 	19.0982
545.425 	19.0982
574.696 	19.0982
605.431 	19.0982
637.703 	19.0982
671.588 	19.0982
707.167 	19.0982
744.526 	19.0982
783.752 	19.0982
824.94 	19.0982
868.187 	19.0982
913.596 	19.0982
961.276 	19.0982
1000 	19.0982
0 	22.0531
2 	22.0531
4.1 	22.0531
6.305 	22.0531
8.62025 	22.0531
11.0513 	22.0531
13.6038 	22.0531
16.284 	22.0531
19.0982 	22.0531
22.0531 	22.0531
25.1558 	22.0531
28.4136 	22.0531
31.8343 	22.0531
35.426 	22.0531
39.1973 	22.0531
43.1571 	22.0531
47.315 	22.0531
51.6807 	22.0531
56.2648 	22.0531
61.078 	22.0531
66.1319 	22.0531
71.4385 	22.0531
77.0104 	22.0531
82.861 	22.0531
89.004 	22.0531
95.4542 	22.0531
102.227 	22.0531
109.338 	22.0531
116.805 	22.0531
124.645 	22.0531
132.878 	22.0531
141.522 	22.0531
150.598 	22.0531
160.128 	22.0531
170.134 	22.0531
180.641 	22.0531
191.673 	22.0531
203.256 	22.0531
215.419 	22.0531
228.19 	22.0531
241.6 	22.0531
255.68 	22.0531
270.464 	22.0531
285.987 	22.0531
302.286 	22.0531
319.4 	22.0531
337.37 	22.0531
356.239 	22.0531
376.051 	22.0531
396.853 	22.0531
418.696 	22.0531
441.631 	22.0531
465.712 	22.0531
490.998 	22.0531
517.548 	22.0531
545.425 	22.0531
574.696 	22.0531
605.431 	22.0531
637.703 	22.0531
671.588 	22.0531
707.167 	22.0531
744.526 	22.0531
783.752 	22.0531
824.94 	22.0531
868.187 	22.0531
913.596 	22.0531
961.276 	22.0531
1000 	22.0531
0 	25.1558
2 	25.1558
4.1 	25.1558
6.305 	25.1558
8.62025 	25.1558
11.0513 	25.1558
13.6038 	25.1558
16.284 	25.1558
19.0982 	25.1558
22.0531 	25.1558
25.1558 	25.1558
28.4136 	25.1558
31.8343 	25.1558
35.426 	25.1558
39.1973 	25.1558
43.1571 	25.1558
47.315 	25.1558
51.6807 	25.1558
56.2648 	25.1558
61.078 	25.1558
66.1319 	25.1558
71.4385 	25.1558
77.0104 	25.1558
82.861 	25.1558
89.004 	25.1558
95.4542 	25.1558
102.227 	25.1558
109.338 	25.1558
116.805 	25.1558
124.645 	25.1558
132.878 	25.1558
141.522 	25.1558
150.598 	25.1558
160.128 	25.1558
170.134 	25.1558
180.641 	25.1558
191.673 	25.1558
203.256 	25.1558
215.419 	25.1558
228.19 	25.1558
241.6 	25.1558
255.68 	25.1558
270.464 	25.1558
285.987 	25.1558
302.286 	25.1558
319.4 	25.1558
337.37 	25.1558
356.239 	25.1558
376.051 	25.1558
396.853 	25.1558
418.696 	25.1558
441.631 	25.1558
465.712 	25.1558
490.998 	25.1558
517.548 	25.1558
545.425 	25.1558
574.696 	25.1558
605.431 	25.1558
637.703 	25.1558
671.588 	25.1558
707.167 	25.1558
744.526 	25.1558
783.752 	25.1558
824.94 	25.1558
868.187 	25.1558
913.596 	25.1558
961.276 	25.1558
1000 	25.1558
0 	28.4136
2 	28.4136
4.1 	28.4136
6.305 	28.4136
8.62025 	28.4136
11.0513 	28.4136
13.6038 	28.4136
16.284 	28.4136
19.0982 	28.4136
22.0531 	28.4136
25.1558 	28.4136
28.4136 	28.4136
31.8343 	28.4136
35.426 	28.4136
39.1973 	28.4136
43.1571 	28.4136
47.315 	28.4136
51.6807 	28.4136
56.2648 	28.4136
61.078 	28.4136
66.1319 	28.4136
71.4385 	28.4136
77.0104 	28.4136
82.861 	28.4136
89.004 	28.4136
95.4542 	28.4136
102.227 	28.4136
109.338 	28.4136
116.805 	28.4136
124.645 	28.4136
132.878 	28.4136
141.522 	28.4136
150.598 	28.4136
160.128 	28.4136
170.134 	28.4136
180.641 	28.4136
191.673 	28.4136
203.256 	28.4136
215.419 	28.4136
228.19 	28.4136
241.6 	28.4136
255.68 	28.4136
270.464 	28.4136
285.987 	28.4136
302.286 	28.4136
319.4 	28.4136
337.37 	28.4136
356.239 	28.4136
376.051 	28.4136
396.853 	28.4136
418.696 	28.4136
441.631 	28.4136
465.712 	28.4136
490.998 	28.4136
517.548 	28.4136
545.425 	28.4136
574.696 	28.4136
605.431 	28.4136
637.703 	28.4136
671.588 	28.4136
707.167 	28.4136
744.526 	28.4136
783.752 	28.4136
824.94 	28.4136
868.187 	28.4136
913.596 	28.4136
961.276 	28.4136
1000 	28.4136
0 	31.8343
2 	31.8343
4.1 	31.8343
6.305 	31.8343
8.62025 	31.8343
11.0513 	31.8343
13.6038 	31.8343
16.284 	31.8343
19.0982 	31.8343
22.0531 	31.8343
25.1558 	31.8343
28.4136 	31.8343
31.8343 	31.8343
35.426 	31.8343
39.1973 	31.8343
43.1571 	31.8343
47.315 	31.8343
51.6807 	31.8343
56.2648 	31.8343
61.078 	31.8343
66.1319 	31.8343
71.4385 	31.8343
77.0104 	31.8343
82.861 	31.8343
89.004 	31.8343
95.4542 	31.8343
102.227 	31.8343
109.338 	31.8343
116.805 	31.8343
124.645 	31.8343
132.878 	31.8343
141.522 	31.8343
150.598 	31.8343
160.128 	31.8343
170.134 	31.8343
180.641 	31.8343
191.673 	31.8343
203.256 	31.8343
215.419 	31.8343
228.19 	31.8343
241.6 	31.8343
255.68 	31.8343
270.464 	31.8343
285.987 	31.8343
302.286 	31.8343
319.4 	31.8343
337.37 	31.8343
356.239 	31.8343
376.051 	31.8343
396.853 	31.8343
418.696 	31.8343
441.631 	31.8343
465.712 	31.8343
490.998 	31.8343
517.548 	31.8343
545.425 	31.8343
574.696 	31.8343
605.431 	31.8343
637.703 	31.8343
671.588 	31.8343
707.167 	31.8343
744.526 	31.8343
783.752 	31.8343
824.94 	31.8343
868.187 	31.8343
913.596 	31.8343
961.276 	31.8343
1000 	31.8343
0 	35.426
2 	35.426
4.1 	35.426
6.305 	35.426
8.62025 	35.426
11.0513 	35.426
13.6038 	35.426
16.284 	35.426
19.0982 	35.426
22.0531 	35.426
25.1558 	35.426
28.4136 	35.426
31.8343 	35.426
35.426 	35.426
39.1973 	35.426
43.1571 	35.426
47.315 	35.426
51.6807 	35.426
56.2648 	35.426
61.078 	35.426
66.1319 	35.426
71.4385 	35.426
77.0104 	35.426
82.861 	35.426
89.004 	35.426
95.4542 	35.426
102.227 	35.426
109.338 	35.426
116.805 	35.426
124.645 	35.426
132.878 	35.426
141.522 	35.426
150.598 	35.426
160.128 	35.426
170.134 	35.426
180.641 	35.426
191.673 	35.426
203.256 	35.426
215.419 	35.426
228.19 	35.426
241.6 	35.426
255.68 	35.426
270.464 	35.426
285.987 	35.426
302.286 	35.426
319.4 	35.426
337.37 	35.426
356.239 	35.426
376.051 	35.426
396.853 	35.426
418.696 	35.426
441.631 	35.426
465.712 	35.426
490.998 	35.426
517.548 	35.426
545.425 	35.426
574.696 	35.426
605.431 	35.426
637.703 	35.426
671.588 	35.426
707.167 	35.426
744.526 	35.426
783.752 	35.426
824.94 	35.426
868.187 	35.426
913.596 	35.426
961.276 	35.426
1000 	35.426
0 	39.1973
2 	39.1973
4.1 	39.1973
6.305 	39.1973
8.62025 	39.1973
11.0513 	39.1973
13.6038 	39.1973
16.284 	39.1973
19.0982 	39.1973
22.0531 	39.1973
25.1558 	39.1973
28.4136 	39.1973
31.8343 	39.1973
35.426 	39.1973
39.1973 	39.1973
43.1571 	39.1973
47.315 	39.1973
51.6807 	39.1973
56.2648 	39.1973
61.078 	39.1973
66.1319 	39.1973
71.4385 	39.1973
77.0104 	39.1973
82.861 	39.1973
89.004 	39.1973
95.4542 	39.1973
102.227 	39.1973
109.338 	39.1973
116.805 	39.1973
124.645 	39.1973
132.878 	39.1973
141.522 	39.1973
150.598 	39.1973
160.128 	39.1973
170.134 	39.1973
180.641 	39.1973
191.673 	39.1973
203.256 	39.1973
215.419 	39.1973
228.19 	39.1973
241.6 	39.1973
255.68 	39.1973
270.464 	39.1973
285.987 	39.1973
302.286 	39.1973
319.4 	39.1973
337.37 	39.1973
356.239 	39.1973
376.051 	39.1973
396.853 	39.1973
418.696 	39.1973
441.631 	39.1973
465.712 	39.1973
490.998 	39.1973
517.548 	39.1973
545.425 	39.1973
574.696 	39.1973
605.431 	39.1973
637.703 	39.1973
671.588 	39.1973
707.167 	39.1973
744.526 	39.1973
783.752 	39.1973
824.94 	39.1973
868.187 	39.1973
913.596 	39.1973
961.276 	39.1973
1000 	39.1973
0 	43.1571
2 	43.1571
4.1 	43.1571
6.305 	43.1571
8.62025 	43.1571
11.0513 	43.1571
13.6038 	43.1571
16.284 	43.1571
19.0982 	43.1571
22.0531 	43.1571
25.1558 	43.1571
28.4136 	43.1571
31.8343 	43.1571
35.426 	43.1571
39.1973 	43.1571
43.1571 	43.1571
47.315 	43.1571
51.6807 	43.1571
56.2648 	43.1571
61.078 	43.1571
66.1319 	43.1571
71.4385 	43.1571
77.0104 	43.1571
82.861 	43.1571
89.004 	43.1571
95.4542 	43.1571
102.227 	43.1571
109.338 	43.1571
116.805 	43.1571
124.645 	43.1571
132.878 	43.1571
141.522 	43.1571
150.598 	43.1571
160.128 	43.1571
170.134 	43.1571
180.641 	43.1571
191.673 	43.1571
203.256 	43.1571
215.419 	43.1571
228.19 	43.1571
241.6 	43.1571
255.68 	43.1571
270.464 	43.1571
285.987 	43.1571
302.286 	43.1571
319.4 	43.1571
337.37 	43.1571
356.239 	43.1571
376.051 	43.1571
396.853 	43.1571
418.696 	43.1571
441.631 	43.1571
465.712 	43.1571
490.998 	43.1571
517.548 	43.1571
545.425 	43.1571
574.696 	43.1571
605.431 	43.1571
637.703 	43.1571
671.588 	43.1571
707.167 	43.1571
744.526 	43.1571
783.752 	43.1571
824.94 	43.1571
868.187 	43.1571
913.596 	43.1571
961.276 	43.1571
1000 	43.1571
0 	47.315
2 	47.315
4.1 	47.315
6.305 	47.315
8.62025 	47.315
11.0513 	47.315
13.6038 	47.315
16.284 	47.315
19.0982 	47.315
22.0531 	47.315
25.1558 	47.315
28.4136 	47.315
31.8343 	47.315
35.426 	47.315
39.1973 	47.315
43.1571 	47.315
47.315 	47.315
51.6807 	47.315
56.2648 	47.315
61.078 	47.315
66.1319 	47.315
71.4385 	47.315
77.0104 	47.315
82.861 	47.315
89.004 	47.315
95.4542 	47.315
102.227 	47.315
109.338 	47.315
116.805 	47.315
124.645 	47.315
132.878 	47.315
141.522 	47.315
150.598 	47.315
160.128 	47.315
170.134 	47.315
180.641 	47.315
191.673 	47.315
203.256 	47.315
215.419 	47.315
228.19 	47.315
241.6 	47.315
255.68 	47.315
270.464 	47.315
285.987 	47.315
302.286 	47.315
319.4 	47.315
337.37 	47.315
356.239 	47.315
376.051 	47.315
396.853 	47.315
418.696 	47.315
441.631 	47.315
465.712 	47.315
490.998 	47.315
517.548 	47.315
545.425 	47.315
574.696 	47.315
605.431 	47.315
637.703 	47.315
671.588 	47.315
707.167 	47.315
744.526 	47.315
783.752 	47.315
824.94 	47.315
868.187 	47.315
913.596 	47.315
961.276 	47.315
1000 	47.315
0 	51.6807
2 	51.6807
4.1 	51.6807
6.305 	51.6807
8.62025 	51.6807
11.0513 	51.6807
13.6038 	51.6807
16.284 	51.6807
19.0982 	51.6807
22.0531 	51.6807
25.1558 	51.6807
28.4136 	51.6807
31.8343 	51.6807
35.426 	51.6807
39.1973 	51.6807
43.1571 	51.6807
47.315 	51.6807
51.6807 	51.6807
56.2648 	51.6807
61.078 	51.6807
66.1319 	51.6807
71.4385 	51.6807
77.0104 	51.6807
82.861 	51.6807
89.004 	51.6807
95.4542 	51.6807
102.227 	51.6807
109.338 	51.6807
116.805 	51.6807
124.645 	51.6807
132.878 	51.6807
141.522 	51.6807
150.598 	51.6807
160.128 	51.6807
170.134 	51.6807
180.641 	51.6807
191.673 	51.6807
203.256 	51.6807
215.419 	51.6807
228.19 	51.6807
241.6 	51.6807
255.68 	51.6807
270.464 	51.6807
285.987 	51.6807
302.286 	51.6807
319.4 	51.6807
337.37 	51.6807
356.239 	51.6807
376.051 	51.6807
396.853 	51.6807
418.696 	51.6807
441.631 	51.6807
465.712 	51.6807
490.998 	51.6807
517.548 	51.6807
545.425 	51.6807
574.696 	51.6807
605.431 	51.6807
637.703 	51.6807
671.588 	51.6807
707.167 	51.6807
744.526 	51.6807
783.752 	51.6807
824.94 	51.6807
868.187 	51.6807
913.596 	51.6807
961.276 	51.6807
1000 	51.6807
0 	56.2648
2 	56.2648
4.1 	56.2648
6.305 	56.2648
8.62025 	56.2648
11.0513 	56.2648
13.6038 	56.2648
16.284 	56.2648
19.0982 	56.2648
22.0531 	56.2648
25.1558 	56.2648
28.4136 	56.2648
31.8343 	56.2648
35.426 	56.2648
39.1973 	56.2648
43.1571 	56.2648
47.315 	56.2648
51.6807 	56.2648
56.2648 	56.2648
61.078 	56.2648
66.1319 	56.2648
71.4385 	56.2648
77.0104 	56.2648
82.861 	56.2648
89.004 	56.2648
95.4542 	56.2648
102.227 	56.2648
109.338 	56.2648
116.805 	56.2648
124.645 	56.2648
132.878 	56.2648
141.522 	56.2648
150.598 	56.2648
160.128 	56.2648
170.134 	56.2648
180.641 	56.2648
191.673 	56.2648
203.256 	56.2648
215.419 	56.2648
228.19 	56.2648
241.6 	56.2648
255.68 	56.2648
270.464 	56.2648
285.987 	56.2648
302.286 	56.2648
319.4 	56.2648
337.37 	56.2648
356.239 	56.2648
376.051 	56.2648
396.853 	56.2648
418.696 	56.2648
441.631 	56.2648
465.712 	56.2648
490.998 	56.2648
517.548 	56.2648
545.425 	56.2648
574.696 	56.2648
605.431 	56.2648
637.703 	56.2648
671.588 	56.2648
707.167 	56.2648
744.526 	56.2648
783.752 	56.2648
824.94 	56.2648
868.187 	56.2648
913.596 	56.2648
961.276 	56.2648
1000 	56.2648
0 	61.078
2 	61.078
4.1 	61.078
6.305 	61.078
8.62025 	61.078
11.0513 	61.078
13.6038 	61.078
16.284 	61.078
19.0982 	61.078
22.0531 	61.078
25.1558 	61.078
28.4136 	61.078
31.8343 	61.078
35.426 	61.078
39.1973 	61.078
43.1571 	61.078
47.315 	61.078
51.6807 	61.078
56.2648 	61.078
61.078 	61.078
66.1319 	61.078
71.4385 	61.078
77.0104 	61.078
82.861 	61.078
89.004 	61.078
95.4542 	61.078
102.227 	61.078
109.338 	61.078
116.805 	61.078
124.645 	61.078
132.878 	61.078
141.522 	61.078
150.598 	61.078
160.128 	61.078
170.134 	61.078
180.641 	61.078
191.673 	61.078
203.256 	61.078
215.419 	61.078
228.19 	61.078
241.6 	61.078
255.68 	61.078
270.464 	61.078
285.987 	61.078
302.286 	61.078
319.4 	61.078
337.37 	61.078
356.239 	61.078
376.051 	61.078
396.853 	61.078
418.696 	61.078
441.631 	61.078
465.712 	61.078
490.998 	61.078
517.548 	61.078
545.425 	61.078
574.696 	61.078
605.431 	61.078
637.703 	61.078
671.588 	61.078
707.167 	61.078
744.526 	61.078
783.752 	61.078
824.94 	61.078
868.187 	61.078
913.596 	61.078
961.276 	61.078
1000 	61.078
0 	66.1319
2 	66.1319
4.1 	66.1319
6.305 	66.1319
8.62025 	66.1319
11.0513 	66.1319
13.6038 	66.1319
16.284 	66.1319
19.0982 	66.1319
22.0531 	66.1319
25.1558 	66.1319
28.4136 	66.1319
31.8343 	66.1319
35.426 	66.1319
39.1973 	66.1319
43.1571 	66.1319
47.315 	66.1319
51.6807 	66.1319
56.2648 	66.1319
61.078 	66.1319
66.1319 	66.1319
71.4385 	66.1319
77.0104 	66.1319
82.861 	66.1319
89.004 	66.1319
95.4542 	66.1319
102.227 	66.1319
109.338 	66.1319
116.805 	66.1319
124.645 	66.1319
132.878 	66.1319
141.522 	66.1319
150.598 	66.1319
160.128 	66.1319
170.134 	66.1319
180.641 	66.1319
191.673 	66.1319
203.256 	66.1319
215.419 	66.1319
228.19 	66.1319
241.6 	66.1319
255.68 	66.1319
270.464 	66.1319
285.987 	66.1319
302.286 	66.1319
319.4 	66.1319
337.37 	66.1319
356.239 	66.1319
376.051 	66.1319
396.853 	66.1319
418.696 	66.1319
441.631 	66.1319
465.712 	66.1319
490.998 	66.1319
517.548 	66.1319
545.425 	66.1319
574.696 	66.1319
605.431 	66.1319
637.703 	66.1319
671.588 	66.1319
707.167 	66.1319
744.526 	66.1319
783.752 	66.1319
824.94 	66.1319
868.187 	66.1319
913.596 	66.1319
961.276 	66.1319
1000 	66.1319
0 	71.4385
2 	71.4385
4.1 	71.4385
6.305 	71.4385
8.62025 	71.4385
11.0513 	71.4385
13.6038 	71.4385
16.284 	71.4385
19.0982 	71.4385
22.0531 	71.4385
25.1558 	71.4385
28.4136 	71.4385
31.8343 	71.4385
35.426 	71.4385
39.1973 	71.4385
43.1571 	71.4385
47.315 	71.4385
51.6807 	71.4385
56.2648 	71.4385
61.078 	71.4385
66.1319 	71.4385
71.4385 	71.4385
77.0104 	71.4385
82.861 	71.4385
89.004 	71.4385
95.4542 	71.4385
102.227 	71.4385
109.338 	71.4385
116.805 	71.4385
124.645 	71.4385
132.878 	71.4385
141.522 	71.4385
150.598 	71.4385
160.128 	71.4385
170.134 	71.4385
180.641 	71.4385
191.673 	71.4385
203.256 	71.4385
215.419 	71.4385
228.19 	71.4385
241.6 	71.4385
255.68 	71.4385
270.464 	71.4385
285.987 	71.4385
302.286 	71.4385
319.4 	71.4385
337.37 	71.4385
356.239 	71.4385
376.051 	71.4385
396.853 	71.4385
418.696 	71.4385
441.631 	71.4385
465.712 	71.4385
490.998 	71.4385
517.548 	71.4385
545.425 	71.4385
574.696 	71.4385
605.431 	71.4385
637.703 	71.4385
671.588 	71.4385
707.167 	71.4385
744.526 	71.4385
783.752 	71.4385
824.94 	71.4385
868.187 	71.4385
913.596 	71.4385
961.276 	71.4385
1000 	71.4385
0 	77.0104
2 	77.0104
4.1 	77.0104
6.305 	77.0104
8.62025 	77.0104
11.0513 	77.0104
13.6038 	77.0104
16.284 	77.0104
19.0982 	77.0104
22.0531 	77.0104
25.1558 	77.0104
28.4136 	77.0104
31.8343 	77.0104
35.426 	77.0104
39.1973 	77.0104
43.1571 	77.0104
47.315 	77.0104
51.6807 	77.0104
56.2648 	77.0104
61.078 	77.0104
66.1319 	77.0104
71.4385 	77.0104
77.0104 	77.0104
82.861 	77.0104
89.004 	77.0104
95.4542 	77.0104
102.227 	77.0104
109.338 	77.0104
116.805 	77.0104
124.645 	77.0104
132.878 	77.0104
141.522 	77.0104
150.598 	77.0104
160.128 	77.0104
170.134 	77.0104
180.641 	77.0104
191.673 	77.0104
203.256 	77.0104
215.419 	77.0104
228.19 	77.0104
241.6 	77.0104
255.68 	77.0104
270.464 	77.0104
285.987 	77.0104
302.286 	77.0104
319.4 	77.0104
337.37 	77.0104
356.239 	77.0104
376.051 	77.0104
396.853 	77.0104
418.696 	77.0104
441.631 	77.0104
465.712 	77.0104
490.998 	77.0104
517.548 	77.0104
545.425 	77.0104
574.696 	77.0104
605.431 	77.0104
637.703 	77.0104
671.588 	77.0104
707.167 	77.0104
744.526 	77.0104
783.752 	77.0104
824.94 	77.0104
868.187 	77.0104
913.596 	77.0104
961.276 	77.0104
1000 	77.0104
0 	82.861
2 	82.861
4.1 	82.861
6.305 	82.861
8.62025 	82.861
11.0513 	82.861
13.6038 	82.861
16.284 	82.861
19.0982 	82.861
22.0531 	82.861
25.1558 	82.861
28.4136 	82.861
31.8343 	82.861
35.426 	82.861
39.1973 	82.861
43.1571 	82.861
47.315 	82.861
51.6807 	82.861
56.2648 	82.861
61.078 	82.861
66.1319 	82.861
71.4385 	82.861
77.0104 	82.861
82.861 	82.861
89.004 	82.861
95.4542 	82.861
102.227 	82.861
109.338 	82.861
116.805 	82.861
124.645 	82.861
132.878 	82.861
141.522 	82.861
150.598 	82.861
160.128 	82.861
170.134 	82.861
180.641 	82.861
191.673 	82.861
203.256 	82.861
215.419 	82.861
228.19 	82.861
241.6 	82.861
255.68 	82.861
270.464 	82.861
285.987 	82.861
302.286 	82.861
319.4 	82.861
337.37 	82.861
356.239 	82.861
376.051 	82.861
396.853 	82.861
418.696 	82.861
441.631 	82.861
465.712 	82.861
490.998 	82.861
517.548 	82.861
545.425 	82.861
574.696 	82.861
605.431 	82.861
637.703 	82.861
671.588 	82.861
707.167 	82.861
744.526 	82.861
783.752 	82.861
824.94 	82.861
868.187 	82.861
913.596 	82.861
961.276 	82.861
1000 	82.861
0 	89.004
2 	89.004
4.1 	89.004
6.305 	89.004
8.62025 	89.004
11.0513 	89.004
13.6038 	89.004
16.284 	89.004
19.0982 	89.004
22.0531 	89.004
25.1558 	89.004
28.4136 	89.004
31.8343 	89.004
35.426 	89.004
39.1973 	89.004
43.1571 	89.004
47.315 	89.004
51.6807 	89.004
56.2648 	89.004
61.078 	89.004
66.1319 	89.004
71.4385 	89.004
77.0104 	89.004
82.861 	89.004
89.004 	89.004
95.4542 	89.004
102.227 	89.004
109.338 	89.004
116.805 	89.004
124.645 	89.004
132.878 	89.004
141.522 	89.004
150.598 	89.004
160.128 	89.004
170.134 	89.004
180.641 	89.004
191.673 	89.004
203.256 	89.004
215.419 	89.004
228.19 	89.004
241.6 	89.004
255.68 	89.004
270.464 	89.004
285.987 	89.004
302.286 	89.004
319.4 	89.004
337.37 	89.004
356.239 	89.004
376.051 	89.004
396.853 	89.004
418.696 	89.004
441.631 	89.004
465.712 	89.004
490.998 	89.004
517.548 	89.004
545.425 	89.004
574.696 	89.004
605.431 	89.004
637.703 	89.004
671.588 	89.004
707.167 	89.004
744.526 	89.004
783.752 	89.004
824.94 	89.004
868.187 	89.004
913.596 	89.004
961.276 	89.004
1000 	89.004
0 	95.4542
2 	95.4542
4.1 	95.4542
6.305 	95.4542
8.62025 	95.4542
11.0513 	95.4542
13.6038 	95.4542
16.284 	95.4542
19.0982 	95.4542
22.0531 	95.4542
25.1558 	95.4542
28.4136 	95.4542
31.8343 	95.4542
35.426 	95.4542
39.1973 	95.4542
43.1571 	95.4542
47.315 	95.4542
51.6807 	95.4542
56.2648 	95.4542
61.078 	95.4542
66.1319 	95.4542
71.4385 	95.4542
77.0104 	95.4542
82.861 	95.4542
89.004 	95.4542
95.4542 	95.4542
102.227 	95.4542
109.338 	95.4542
116.805 	95.4542
124.645 	95.4542
132.878 	95.4542
141.522 	95.4542
150.598 	95.4542
160.128 	95.4542
170.134 	95.4542
180.641 	95.4542
191.673 	95.4542
203.256 	95.4542
215.419 	95.4542
228.19 	95.4542
241.6 	95.4542
255.68 	95.4542
270.464 	95.4542
285.987 	95.4542
302.286 	95.4542
319.4 	95.4542
337.37 	95.4542
356.239 	95.4542
376.051 	95.4542
396.853 	95.4542
418.696 	95.4542
441.631 	95.4542
465.712 	95.4542
490.998 	95.4542
517.548 	95.4542
545.425 	95.4542
574.696 	95.4542
605.431 	95.4542
637.703 	95.4542
671.588 	95.4542
707.167 	95.4542
744.526 	95.4542
783.752 	95.4542
824.94 	95.4542
868.187 	95.4542
913.596 	95.4542
961.276 	95.4542
1000 	95.4542
0 	102.227
2 	102.227
4.1 	102.227
6.305 	102.227
8.62025 	102.227
11.0513 	102.227
13.6038 	102.227
16.284 	102.227
19.0982 	102.227
22.0531 	102.227
25.1558 	102.227
28.4136 	102.227
31.8343 	102.227
35.426 	102.227
39.1973 	102.227
43.1571 	102.227
47.315 	102.227
51.6807 	102.227
56.2648 	102.227
61.078 	102.227
66.1319 	102.227
71.4385 	102.227
77.0104 	102.227
82.861 	102.227
89.004 	102.227
95.4542 	102.227
102.227 	102.227
109.338 	102.227
116.805 	102.227
124.645 	102.227
132.878 	102.227
141.522 	102.227
150.598 	102.227
160.128 	102.227
170.134 	102.227
180.641 	102.227
191.673 	102.227
203.256 	102.227
215.419 	102.227
228.19 	102.227
241.6 	102.227
255.68 	102.227
270.464 	102.227
285.987 	102.227
302.286 	102.227
319.4 	102.227
337.37 	102.227
356.239 	102.227
376.051 	102.227
396.853 	102.227
418.696 	102.227
441.631 	102.227
465.712 	102.227
490.998 	102.227
517.548 	102.227
545.425 	102.227
574.696 	102.227
605.431 	102.227
637.703 	102.227
671.588 	102.227
707.167 	102.227
744.526 	102.227
783.752 	102.227
824.94 	102.227
868.187 	102.227
913.596 	102.227
961.276 	102.227
1000 	102.227
0 	109.338
2 	109.338
4.1 	109.338
6.305 	109.338
8.62025 	109.338
11.0513 	109.338
13.6038 	109.338
16.284 	109.338
19.0982 	109.338
22.0531 	109.338
25.1558 	109.338
28.4136 	109.338
31.8343 	109.338
35.426 	109.338
39.1973 	109.338
43.1571 	109.338
47.315 	109.338
51.6807 	109.338
56.2648 	109.338
61.078 	109.338
66.1319 	109.338
71.4385 	109.338
77.0104 	109.338
82.861 	109.338
89.004 	109.338
95.4542 	109.338
102.227 	109.338
109.338 	109.338
116.805 	109.338
124.645 	109.338
132.878 	109.338
141.522 	109.338
150.598 	109.338
160.128 	109.338
170.134 	109.338
180.641 	109.338
191.673 	109.338
203.256 	109.338
215.419 	109.338
228.19 	109.338
241.6 	109.338
255.68 	109.338
270.464 	109.338
285.987 	109.338
302.286 	109.338
319.4 	109.338
337.37 	109.338
356.239 	109.338
376.051 	109.338
396.853 	109.338
418.696 	109.338
441.631 	109.338
465.712 	109.338
490.998 	109.338
517.548 	109.338
545.425 	109.338
574.696 	109.338
605.431 	109.338
637.703 	109.338
671.588 	109.338
707.167 	109.338
744.526 	109.338
783.752 	109.338
824.94 	109.338
868.187 	109.338
913.596 	109.338
961.276 	109.338
1000 	109.338
0 	116.805
2 	116.805
4.1 	116.805
6.305 	116.805
8.62025 	116.805
11.0513 	116.805
13.6038 	116.805
16.284 	116.805
19.0982 	116.805
22.0531 	116.805
25.1558 	116.805
28.4136 	116.805
31.8343 	116.805
35.426 	116.805
39.1973 	116.805
43.1571 	116.805
47.315 	116.805
51.6807 	116.805
56.2648 	116.805
61.078 	116.805
66.1319 	116.805
71.4385 	116.805
77.0104 	116.805
82.861 	116.805
89.004 	116.805
95.4542 	116.805
102.227 	116.805
109.338 	116.805
116.805 	116.805
124.645 	116.805
132.878 	116.805
141.522 	116.805
150.598 	116.805
160.128 	116.805
170.134 	116.805
180.641 	116.805
191.673 	116.805
203.256 	116.805
215.419 	116.805
228.19 	116.805
241.6 	116.805
255.68 	116.805
270.464 	116.805
285.987 	116.805
302.286 	116.805
319.4 	116.805
337.37 	116.805
356.239 	116.805
376.051 	116.805
396.853 	116.805
418.696 	116.805
441.631 	116.805
465.712 	116.805
490.998 	116.805
517.548 	116.805
545.425 	116.805
574.696 	116.805
605.431 	116.805
637.703 	116.805
671.588 	116.805
707.167 	116.805
744.526 	116.805
783.752 	116.805
824.94 	116.805
868.187 	116.805
913.596 	116.805
961.276 	116.805
1000 	116.805
0 	124.645
2 	124.645
4.1 	124.645
6.305 	124.645
8.62025 	124.645
11.0513 	124.645
13.6038 	124.645
16.284 	124.645
19.0982 	124.645
22.0531 	124.645
25.1558 	124.645
28.4136 	124.645
31.8343 	124.645
35.426 	124.645
39.1973 	124.645
43.1571 	124.645
47.315 	124.645
51.6807 	124.645
56.2648 	124.645
61.078 	124.645
66.1319 	124.645
71.4385 	124.645
77.0104 	124.645
82.861 	124.645
89.004 	124.645
95.4542 	124.645
102.227 	124.645
109.338 	124.645
116.805 	124.645
124.645 	124.645
132.878 	124.645
141.522 	124.645
150.598 	124.645
160.128 	124.645
170.134 	124.645
180.641 	124.645
191.673 	124.645
203.256 	124.645
215.419 	124.645
228.19 	124.645
241.6 	124.645
255.68 	124.645
270.464 	124.645
285.987 	124.645
302.286 	124.645
319.4 	124.645
337.37 	124.645
356.239 	124.645
376.051 	124.645
396.853 	124.645
418.696 	124.645
441.631 	124.645
465.712 	124.645
490.998 	124.645
517.548 	124.645
545.425 	124.645
574.696 	124.645
605.431 	124.645
637.703 	124.645
671.588 	124.645
707.167 	124.645
744.526 	124.645
783.752 	124.645
824.94 	124.645
868.187 	124.645
913.596 	124.645
961.276 	124.645
1000 	124.645
0 	132.878
2 	132.878
4.1 	132.878
6.305 	132.878
8.62025 	132.878
11.0513 	132.878
13.6038 	132.878
16.284 	132.878
19.0982 	132.878
22.0531 	132.878
25.1558 	132.878
28.4136 	132.878
31.8343 	132.878
35.426 	132.878
39.1973 	132.878
43.1571 	132.878
47.315 	132.878
51.6807 	132.878
56.2648 	132.878
61.078 	132.878
66.1319 	132.878
71.4385 	132.878
77.0104 	132.878
82.861 	132.878
89.004 	132.878
95.4542 	132.878
102.227 	132.878
109.338 	132.878
116.805 	132.878
124.645 	132.878
132.878 	132.878
141.522 	132.878
150.598 	132.878
160.128 	132.878
170.134 	132.878
180.641 	132.878
191.673 	132.878
203.256 	132.878
215.419 	132.878
228.19 	132.878
241.6 	132.878
255.68 	132.878
270.464 	132.878
285.987 	132.878
302.286 	132.878
319.4 	132.878
337.37 	132.878
356.239 	132.878
376.051 	132.878
396.853 	132.878
418.696 	132.878
441.631 	132.878
465.712 	132.878
490.998 	132.878
517.548 	132.878
545.425 	132.878
574.696 	132.878
605.431 	132.878
637.703 	132.878
671.588 	132.878
707.167 	132.878
744.526 	132.878
783.752 	132.878
824.94 	132.878
868.187 	132.878
913.596 	132.878
961.276 	132.878
1000 	132.878
0 	141.522
2 	141.522
4.1 	141.522
6.305 	141.522
8.62025 	141.522
11.0513 	141.522
13.6038 	141.522
16.284 	141.522
19.0982 	141.522
22.0531 	141.522
25.1558 	141.522
28.4136 	141.522
31.8343 	141.522
35.426 	141.522
39.1973 	141.522
43.1571 	141.522
47.315 	141.522
51.6807 	141.522
56.2648 	141.522
61.078 	141.522
66.1319 	141.522
71.4385 	141.522
77.0104 	141.522
82.861 	141.522
89.004 	141.522
95.4542 	141.522
102.227 	141.522
109.338 	141.522
116.805 	141.522
124.645 	141.522
132.878 	141.522
141.522 	141.522
150.598 	141.522
160.128 	141.522
170.134 	141.522
180.641 	141.522
191.673 	141.522
203.256 	141.522
215.419 	141.522
228.19 	141.522
241.6 	141.522
255.68 	141.522
270.464 	141.522
285.987 	141.522
302.286 	141.522
319.4 	141.522
337.37 	141.522
356.239 	141.522
376.051 	141.522
396.853 	141.522
418.696 	141.522
441.631 	141.522
465.712 	141.522
490.998 	141.522
517.548 	141.522
545.425 	141.522
574.696 	141.522
605.431 	141.522
637.703 	141.522
671.588 	141.522
707.167 	141.522
744.526 	141.522
783.752 	141.522
824.94 	141.522
868.187 	141.522
913.596 	141.522
961.276 	141.522
1000 	141.522
0 	150.598
2 	150.598
4.1 	150.598
6.305 	150.598
8.62025 	150.598
11.0513 	150.598
13.6038 	150.598
16.284 	150.598
19.0982 	150.598
22.0531 	150.598
25.1558 	150.598
28.4136 	150.598
31.8343 	150.598
35.426 	150.598
39.1973 	150.598
43.1571 	150.598
47.315 	150.598
51.6807 	150.598
56.2648 	150.598
61.078 	150.598
66.1319 	150.598
71.4385 	150.598
77.0104 	150.598
82.861 	150.598
89.004 	150.598
95.4542 	150.598
102.227 	150.598
109.338 	150.598
116.805 	150.598
124.645 	150.598
132.878 	150.598
141.522 	150.598
150.598 	150.598
160.128 	150.598
170.134 	150.598
180.641 	150.598
191.673 	150.598
203.256 	150.598
215.419 	150.598
228.19 	150.598
241.6 	150.598
255.68 	150.598
270.464 	150.598
285.987 	150.598
302.286 	150.598
319.4 	150.598
337.37 	150.598
356.239 	150.598
376.051 	150.598
396.853 	150.598
418.696 	150.598
441.631 	150.598
465.712 	150.598
490.998 	150.598
517.548 	150.598
545.425 	150.598
574.696 	150.598
605.431 	150.598
637.703 	150.598
671.588 	150.598
707.167 	150.598
744.526 	150.598
783.752 	150.598
824.94 	150.598
868.187 	150.598
913.596 	150.598
961.276 	150.598
1000 	150.598
0 	160.128
2 	160.128
4.1 	160.128
6.305 	160.128
8.62025 	160.128
11.0513 	160.128
13.6038 	160.128
16.284 	160.128
19.0982 	160.128
22.0531 	160.128
25.1558 	160.128
28.4136 	160.128
31.8343 	160.128
35.426 	160.128
39.1973 	160.128
43.1571 	160.128
47.315 	160.128
51.6807 	160.128
56.2648 	160.128
61.078 	160.128
66.1319 	160.128
71.4385 	160.128
77.0104 	160.128
82.861 	160.128
89.004 	160.128
95.4542 	160.128
102.227 	160.128
109.338 	160.128
116.805 	160.128
124.645 	160.128
132.878 	160.128
141.522 	160.128
150.598 	160.128
160.128 	160.128
170.134 	160.128
180.641 	160.128
191.673 	160.128
203.256 	160.128
215.419 	160.128
228.19 	160.128
241.6 	160.128
255.68 	160.128
270.464 	160.128
285.987 	160.128
302.286 	160.128
319.4 	160.128
337.37 	160.128
356.239 	160.128
376.051 	160.128
396.853 	160.128
418.696 	160.128
441.631 	160.128
465.712 	160.128
490.998 	160.128
517.548 	160.128
545.425 	160.128
574.696 	160.128
605.431 	160.128
637.703 	160.128
671.588 	160.128
707.167 	160.128
744.526 	160.128
783.752 	160.128
824.94 	160.128
868.187 	160.128
913.596 	160.128
961.276 	160.128
1000 	160.128
0 	170.134
2 	170.134
4.1 	170.134
6.305 	170.134
8.62025 	170.134
11.0513 	170.134
13.6038 	170.134
16.284 	170.134
19.0982 	170.134
22.0531 	170.134
25.1558 	170.134
28.4136 	170.134
31.8343 	170.134
35.426 	170.134
39.1973 	170.134
43.1571 	170.134
47.315 	170.134
51.6807 	170.134
56.2648 	170.134
61.078 	170.134
66.1319 	170.134
71.4385 	170.134
77.0104 	170.134
82.861 	170.134
89.004 	170.134
95.4542 	170.134
102.227 	170.134
109.338 	170.134
116.805 	170.134
124.645 	170.134
132.878 	170.134
141.522 	170.134
150.598 	170.134
160.128 	170.134
170.134 	170.134
180.641 	170.134
191.673 	170.134
203.256 	170.134
215.419 	170.134
228.19 	170.134
241.6 	170.134
255.68 	170.134
270.464 	170.134
285.987 	170.134
302.286 	170.134
319.4 	170.134
337.37 	170.134
356.239 	170.134
376.051 	170.134
396.853 	170.134
418.696 	170.134
441.631 	170.134
465.712 	170.134
490.998 	170.134
517.548 	170.134
545.425 	170.134
574.696 	170.134
605.431 	170.134
637.703 	170.134
671.588 	170.134
707.167 	170.134
744.526 	170.134
783.752 	170.134
824.94 	170.134
868.187 	170.134
913.596 	170.134
961.276 	170.134
1000 	170.134
0 	180.641
2 	180.641
4.1 	180.641
6.305 	180.641
8.62025 	180.641
11.0513 	180.641
13.6038 	180.641
16.284 	180.641
19.0982 	180.641
22.0531 	180.641
25.1558 	180.641
28.4136 	180.641
31.8343 	180.641
35.426 	180.641
39.1973 	180.641
43.1571 	180.641
47.315 	180.641
51.6807 	180.641
56.2648 	180.641
61.078 	180.641
66.1319 	180.641
71.4385 	180.641
77.0104 	180.641
82.861 	180.641
89.004 	180.641
95.4542 	180.641
102.227 	180.641
109.338 	180.641
116.805 	180.641
124.645 	180.641
132.878 	180.641
141.522 	180.641
150.598 	180.641
160.128 	180.641
170.134 	180.641
180.641 	180.641
191.673 	180.641
203.256 	180.641
215.419 	180.641
228.19 	180.641
241.6 	180.641
255.68 	180.641
270.464 	180.641
285.987 	180.641
302.286 	180.641
319.4 	180.641
337.37 	180.641
356.239 	180.641
376.051 	180.641
396.853 	180.641
418.696 	180.641
441.631 	180.641
465.712 	180.641
490.998 	180.641
517.548 	180.641
545.425 	180.641
574.696 	180.641
605.431 	180.641
637.703 	180.641
671.588 	180.641
707.167 	180.641
744.526 	180.641
783.752 	180.641
824.94 	180.641
868.187 	180.641
913.596 	180.641
961.276 	180.641
1000 	180.641
0 	191.673
2 	191.673
4.1 	191.673
6.305 	191.673
8.62025 	191.673
11.0513 	191.673
13.6038 	191.673
16.284 	191.673
19.0982 	191.673
22.0531 	191.673
25.1558 	191.673
28.4136 	191.673
31.8343 	191.673
35.426 	191.673
39.1973 	191.673
43.1571 	191.673
47.315 	191.673
51.6807 	191.673
56.2648 	191.673
61.078 	191.673
66.1319 	191.673
71.4385 	191.673
77.0104 	191.673
82.861 	191.673
89.004 	191.673
95.4542 	191.673
102.227 	191.673
109.338 	191.673
116.805 	191.673
124.645 	191.673
132.878 	191.673
141.522 	191.673
150.598 	191.673
160.128 	191.673
170.134 	191.673
180.641 	191.673
191.673 	191.673
203.256 	191.673
215.419 	191.673
228.19 	191.673
241.6 	191.673
255.68 	191.673
270.464 	191.673
285.987 	191.673
302.286 	191.673
319.4 	191.673
337.37 	191.673
356.239 	191.673
376.051 	191.673
396.853 	191.673
418.696 	191.673
441.631 	191.673
465.712 	191.673
490.998 	191.673
517.548 	191.673
545.425 	191.673
574.696 	191.673
605.431 	191.673
637.703 	191.673
671.588 	191.673
707.167 	191.673
744.526 	191.673
783.752 	191.673
824.94 	191.673
868.187 	191.673
913.596 	191.673
961.276 	191.673
1000 	191.673
0 	203.256
2 	203.256
4.1 	203.256
6.305 	203.256
8.62025 	203.256
11.0513 	203.256
13.6038 	203.256
16.284 	203.256
19.0982 	203.256
22.0531 	203.256
25.1558 	203.256
28.4136 	203.256
31.8343 	203.256
35.426 	203.256
39.1973 	203.256
43.1571 	203.256
47.315 	203.256
51.6807 	203.256
56.2648 	203.256
61.078 	203.256
66.1319 	203.256
71.4385 	203.256
77.0104 	203.256
82.861 	203.256
89.004 	203.256
95.4542 	203.256
102.227 	203.256
109.338 	203.256
116.805 	203.256
124.645 	203.256
132.878 	203.256
141.522 	203.256
150.598 	203.256
160.128 	203.256
170.134 	203.256
180.641 	203.256
191.673 	203.256
203.256 	203.256
215.419 	203.256
228.19 	203.256
241.6 	203.256
255.68 	203.256
270.464 	203.256
285.987 	203.256
302.286 	203.256
319.4 	203.256
337.37 	203.256
356.239 	203.256
376.051 	203.256
396.853 	203.256
418.696 	203.256
441.631 	203.256
465.712 	203.256
490.998 	203.256
517.548 	203.256
545.425 	203.256
574.696 	203.256
605.431 	203.256
637.703 	203.256
671.588 	203.256
707.167 	203.256
744.526 	203.256
783.752 	203.256
824.94 	203.256
868.187 	203.256
913.596 	203.256
961.276 	203.256
1000 	203.256
0 	215.419
2 	215.419
4.1 	215.419
6.305 	215.419
8.62025 	215.419
11.0513 	215.419
13.6038 	215.419
16.284 	215.419
19.0982 	215.419
22.0531 	215.419
25.1558 	215.419
28.4136 	215.419
31.8343 	215.419
35.426 	215.419
39.1973 	215.419
43.1571 	215.419
47.315 	215.419
51.6807 	215.419
56.2648 	215.419
61.078 	215.419
66.1319 	215.419
71.4385 	215.419
77.0104 	215.419
82.861 	215.419
89.004 	215.419
95.4542 	215.419
102.227 	215.419
109.338 	215.419
116.805 	215.419
124.645 	215.419
132.878 	215.419
141.522 	215.419
150.598 	215.419
160.128 	215.419
170.134 	215.419
180.641 	215.419
191.673 	215.419
203.256 	215.419
215.419 	215.419
228.19 	215.419
241.6 	215.419
255.68 	215.419
270.464 	215.419
285.987 	215.419
302.286 	215.419
319.4 	215.419
337.37 	215.419
356.239 	215.419
376.051 	215.419
396.853 	215.419
418.696 	215.419
441.631 	215.419
465.712 	215.419
490.998 	215.419
517.548 	215.419
545.425 	215.419
574.696 	215.419
605.431 	215.419
637.703 	215.419
671.588 	215.419
707.167 	215.419
744.526 	215.419
783.752 	215.419
824.94 	215.419
868.187 	215.419
913.596 	215.419
961.276 	215.419
1000 	215.419
0 	228.19
2 	228.19
4.1 	228.19
6.305 	228.19
8.62025 	228.19
11.0513 	228.19
13.6038 	228.19
16.284 	228.19
19.0982 	228.19
22.0531 	228.19
25.1558 	228.19
28.4136 	228.19
31.8343 	228.19
35.426 	228.19
39.1973 	228.19
43.1571 	228.19
47.315 	228.19
51.6807 	228.19
56.2648 	228.19
61.078 	228.19
66.1319 	228.19
71.4385 	228.19
77.0104 	228.19
82.861 	228.19
89.004 	228.19
95.4542 	228.19
102.227 	228.19
109.338 	228.19
116.805 	228.19
124.645 	228.19
132.878 	228.19
141.522 	228.19
150.598 	228.19
160.128 	228.19
170.134 	228.19
180.641 	228.19
191.673 	228.19
203.256 	228.19
215.419 	228.19
228.19 	228.19
241.6 	228.19
255.68 	228.19
270.464 	228.19
285.987 	228.19
302.286 	228.19
319.4 	228.19
337.37 	228.19
356.239 	228.19
376.051 	228.19
396.853 	228.19
418.696 	228.19
441.631 	228.19
465.712 	228.19
490.998 	228.19
517.548 	228.19
545.425 	228.19
574.696 	228.19
605.431 	228.19
637.703 	228.19
671.588 	228.19
707.167 	228.19
744.526 	228.19
783.752 	228.19
824.94 	228.19
868.187 	228.19
913.596 	228.19
961.276 	228.19
1000 	228.19
0 	241.6
2 	241.6
4.1 	241.6
6.305 	241.6
8.62025 	241.6
11.0513 	241.6
13.6038 	241.6
16.284 	241.6
19.0982 	241.6
22.0531 	241.6
25.1558 	241.6
28.4136 	241.6
31.8343 	241.6
35.426 	241.6
39.1973 	241.6
43.1571 	241.6
47.315 	241.6
51.6807 	241.6
56.2648 	241.6
61.078 	241.6
66.1319 	241.6
71.4385 	241.6
77.0104 	241.6
82.861 	241.6
89.004 	241.6
95.4542 	241.6
102.227 	241.6
109.338 	241.6
116.805 	241.6
124.645 	241.6
132.878 	241.6
141.522 	241.6
150.598 	241.6
160.128 	241.6
170.134 	241.6
180.641 	241.6
191.673 	241.6
203.256 	241.6
215.419 	241.6
228.19 	241.6
241.6 	241.6
255.68 	241.6
270.464 	241.6
285.987 	241.6
302.286 	241.6
319.4 	241.6
337.37 	241.6
356.239 	241.6
376.051 	241.6
396.853 	241.6
418.696 	241.6
441.631 	241.6
465.712 	241.6
490.998 	241.6
517.548 	241.6
545.425 	241.6
574.696 	241.6
605.431 	241.6
637.703 	241.6
671.588 	241.6
707.167 	241.6
744.526 	241.6
783.752 	241.6
824.94 	241.6
868.187 	241.6
913.596 	241.6
961.276 	241.6
1000 	241.6
0 	255.68
2 	255.68
4.1 	255.68
6.305 	255.68
8.62025 	255.68
11.0513 	255.68
13.6038 	255.68
16.284 	255.68
19.0982 	255.68
22.0531 	255.68
25.1558 	255.68
28.4136 	255.68
31.8343 	255.68
35.426 	255.68
39.1973 	255.68
43.1571 	255.68
47.315 	255.68
51.6807 	255.68
56.2648 	255.68
61.078 	255.68
66.1319 	255.68
71.4385 	255.68
77.0104 	255.68
82.861 	255.68
89.004 	255.68
95.4542 	255.68
102.227 	255.68
109.338 	255.68
116.805 	255.68
124.645 	255.68
132.878 	255.68
141.522 	255.68
150.598 	255.68
160.128 	255.68
170.134 	255.68
180.641 	255.68
191.673 	255.68
203.256 	255.68
215.419 	255.68
228.19 	255.68
241.6 	255.68
255.68 	255.68
270.464 	255.68
285.987 	255.68
302.286 	255.68
319.4 	255.68
337.37 	255.68
356.239 	255.68
376.051 	255.68
396.853 	255.68
418.696 	255.68
441.631 	255.68
465.712 	255.68
490.998 	255.68
517.548 	255.68
545.425 	255.68
574.696 	255.68
605.431 	255.68
637.703 	255.68
671.588 	255.68
707.167 	255.68
744.526 	255.68
783.752 	255.68
824.94 	255.68
868.187 	255.68
913.596 	255.68
961.276 	255.68
1000 	255.68
0 	270.464
2 	270.464
4.1 	270.464
6.305 	270.464
8.62025 	270.464
11.0513 	270.464
13.6038 	270.464
16.284 	270.464
19.0982 	270.464
22.0531 	270.464
25.1558 	270.464
28.4136 	270.464
31.8343 	270.464
35.426 	270.464
39.1973 	270.464
43.1571 	270.464
47.315 	270.464
51.6807 	270.464
56.2648 	270.464
61.078 	270.464
66.1319 	270.464
71.4385 	270.464
77.0104 	270.464
82.861 	270.464
89.004 	270.464
95.4542 	270.464
102.227 	270.464
109.338 	270.464
116.805 	270.464
124.645 	270.464
132.878 	270.464
141.522 	270.464
150.598 	270.464
160.128 	270.464
170.134 	270.464
180.641 	270.464
191.673 	270.464
203.256 	270.464
215.419 	270.464
228.19 	270.464
241.6 	270.464
255.68 	270.464
270.464 	270.464
285.987 	270.464
302.286 	270.464
319.4 	270.464
337.37 	270.464
356.239 	270.464
376.051 	270.464
396.853 	270.464
418.696 	270.464
441.631 	270.464
465.712 	270.464
490.998 	270.464
517.548 	270.464
545.425 	270.464
574.696 	270.464
605.431 	270.464
637.703 	270.464
671.588 	270.464
707.167 	270.464
744.526 	270.464
783.752 	270.464
824.94 	270.464
868.187 	270.464
913.596 	270.464
961.276 	270.464
1000 	270.464
0 	285.987
2 	285.987
4.1 	285.987
6.305 	285.987
8.62025 	285.987
11.0513 	285.987
13.6038 	285.987
16.284 	285.987
19.0982 	285.987
22.0531 	285.987
25.1558 	285.987
28.4136 	285.987
31.8343 	285.987
35.426 	285.987
39.1973 	285.987
43.1571 	285.987
47.315 	285.987
51.6807 	285.987
56.2648 	285.987
61.078 	285.987
66.1319 	285.987
71.4385 	285.987
77.0104 	285.987
82.861 	285.987
89.004 	285.987
95.4542 	285.987
102.227 	285.987
109.338 	285.987
116.805 	285.987
124.645 	285.987
132.878 	285.987
141.522 	285.987
150.598 	285.987
160.128 	285.987
170.134 	285.987
180.641 	285.987
191.673 	285.987
203.256 	285.987
215.419 	285.987
228.19 	285.987
241.6 	285.987
255.68 	285.987
270.464 	285.987
285.987 	285.987
302.286 	285.987
319.4 	285.987
337.37 	285.987
356.239 	285.987
376.051 	285.987
396.853 	285.987
418.696 	285.987
441.631 	285.987
465.712 	285.987
490.998 	285.987
517.548 	285.987
545.425 	285.987
574.696 	285.987
605.431 	285.987
637.703 	285.987
671.588 	285.987
707.167 	285.987
744.526 	285.987
783.752 	285.987
824.94 	285.987
868.187 	285.987
913.596 	285.987
961.276 	285.987
1000 	285.987
0 	302.286
2 	302.286
4.1 	302.286
6.305 	302.286
8.62025 	302.286
11.0513 	302.286
13.6038 	302.286
16.284 	302.286
19.0982 	302.286
22.0531 	302.286
25.1558 	302.286
28.4136 	302.286
31.8343 	302.286
35.426 	302.286
39.1973 	302.286
43.1571 	302.286
47.315 	302.286
51.6807 	302.286
56.2648 	302.286
61.078 	302.286
66.1319 	302.286
71.4385 	302.286
77.0104 	302.286
82.861 	302.286
89.004 	302.286
95.4542 	302.286
102.227 	302.286
109.338 	302.286
116.805 	302.286
124.645 	302.286
132.878 	302.286
141.522 	302.286
150.598 	302.286
160.128 	302.286
170.134 	302.286
180.641 	302.286
191.673 	302.286
203.256 	302.286
215.419 	302.286
228.19 	302.286
241.6 	302.286
255.68 	302.286
270.464 	302.286
285.987 	302.286
302.286 	302.286
319.4 	302.286
337.37 	302.286
356.239 	302.286
376.051 	302.286
396.853 	302.286
418.696 	302.286
441.631 	302.286
465.712 	302.286
490.998 	302.286
517.548 	302.286
545.425 	302.286
574.696 	302.286
605.431 	302.286
637.703 	302.286
671.588 	302.286
707.167 	302.286
744.526 	302.286
783.752 	302.286
824.94 	302.286
868.187 	302.286
913.596 	302.286
961.276 	302.286
1000 	302.286
0 	319.4
2 	319.4
4.1 	319.4
6.305 	319.4
8.62025 	319.4
11.0513 	319.4
13.6038 	319.4
16.284 	319.4
19.0982 	319.4
22.0531 	319.4
25.1558 	319.4
28.4136 	319.4
31.8343 	319.4
35.426 	319.4
39.1973 	319.4
43.1571 	319.4
47.315 	319.4
51.6807 	319.4
56.2648 	319.4
61.078 	319.4
66.1319 	319.4
71.4385 	319.4
77.0104 	319.4
82.861 	319.4
89.004 	319.4
95.4542 	319.4
102.227 	319.4
109.338 	319.4
116.805 	319.4
124.645 	319.4
132.878 	319.4
141.522 	319.4
150.598 	319.4
160.128 	319.4
170.134 	319.4
180.641 	319.4
191.673 	319.4
203.256 	319.4
215.419 	319.4
228.19 	319.4
241.6 	319.4
255.68 	319.4
270.464 	319.4
285.987 	319.4
302.286 	319.4
319.4 	319.4
337.37 	319.4
356.239 	319.4
376.051 	319.4
396.853 	319.4
418.696 	319.4
441.631 	319.4
465.712 	319.4
490.998 	319.4
517.548 	319.4
545.425 	319.4
574.696 	319.4
605.431 	319.4
637.703 	319.4
671.588 	319.4
707.167 	319.4
744.526 	319.4
783.752 	319.4
824.94 	319.4
868.187 	319.4
913.596 	319.4
961.276 	319.4
1000 	319.4
0 	337.37
2 	337.37
4.1 	337.37
6.305 	337.37
8.62025 	337.37
11.0513 	337.37
13.6038 	337.37
16.284 	337.37
19.0982 	337.37
22.0531 	337.37
25.1558 	337.37
28.4136 	337.37
31.8343 	337.37
35.426 	337.37
39.1973 	337.37
43.1571 	337.37
47.315 	337.37
51.6807 	337.37
56.2648 	337.37
61.078 	337.37
66.1319 	337.37
71.4385 	337.37
77.0104 	337.37
82.861 	337.37
89.004 	337.37
95.4542 	337.37
102.227 	337.37
109.338 	337.37
116.805 	337.37
124.645 	337.37
132.878 	337.37
141.522 	337.37
150.598 	337.37
160.128 	337.37
170.134 	337.37
180.641 	337.37
191.673 	337.37
203.256 	337.37
215.419 	337.37
228.19 	337.37
241.6 	337.37
255.68 	337.37
270.464 	337.37
285.987 	337.37
302.286 	337.37
319.4 	337.37
337.37 	337.37
356.239 	337.37
376.051 	337.37
396.853 	337.37
418.696 	337.37
441.631 	337.37
465.712 	337.37
490.998 	337.37
517.548 	337.37
545.425 	337.37
574.696 	337.37
605.431 	337.37
637.703 	337.37
671.588 	337.37
707.167 	337.37
744.526 	337.37
783.752 	337.37
824.94 	337.37
868.187 	337.37
913.596 	337.37
961.276 	337.37
1000 	337.37
0 	356.239
2 	356.239
4.1 	356.239
6.305 	356.239
8.62025 	356.239
11.0513 	356.239
13.6038 	356.239
16.284 	356.239
19.0982 	356.239
22.0531 	356.239
25.1558 	356.239
28.4136 	356.239
31.8343 	356.239
35.426 	356.239
39.1973 	356.239
43.1571 	356.239
47.315 	356.239
51.6807 	356.239
56.2648 	356.239
61.078 	356.239
66.1319 	356.239
71.4385 	356.239
77.0104 	356.239
82.861 	356.239
89.004 	356.239
95.4542 	356.239
102.227 	356.239
109.338 	356.239
116.805 	356.239
124.645 	356.239
132.878 	356.239
141.522 	356.239
150.598 	356.239
160.128 	356.239
170.134 	356.239
180.641 	356.239
191.673 	356.239
203.256 	356.239
215.419 	356.239
228.19 	356.239
241.6 	356.239
255.68 	356.239
270.464 	356.239
285.987 	356.239
302.286 	356.239
319.4 	356.239
337.37 	356.239
356.239 	356.239
376.051 	356.239
396.853 	356.239
418.696 	356.239
441.631 	356.239
465.712 	356.239
490.998 	356.239
517.548 	356.239
545.425 	356.239
574.696 	356.239
605.431 	356.239
637.703 	356.239
671.588 	356.239
707.167 	356.239
744.526 	356.239
783.752 	356.239
824.94 	356.239
868.187 	356.239
913.596 	356.239
961.276 	356.239
1000 	356.239
0 	376.051
2 	376.051
4.1 	376.051
6.305 	376.051
8.62025 	376.051
11.0513 	376.051
13.6038 	376.051
16.284 	376.051
19.0982 	376.051
22.0531 	376.051
25.1558 	376.051
28.4136 	376.051
31.8343 	376.051
35.426 	376.051
39.1973 	376.051
43.1571 	376.051
47.315 	376.051
51.6807 	376.051
56.2648 	376.051
61.078 	376.051
66.1319 	376.051
71.4385 	376.051
77.0104 	376.051
82.861 	376.051
89.004 	376.051
95.4542 	376.051
102.227 	376.051
109.338 	376.051
116.805 	376.051
124.645 	376.051
132.878 	376.051
141.522 	376.051
150.598 	376.051
160.128 	376.051
170.134 	376.051
180.641 	376.051
191.673 	376.051
203.256 	376.051
215.419 	376.051
228.19 	376.051
241.6 	376.051
255.68 	376.051
270.464 	376.051
285.987 	376.051
302.286 	376.051
319.4 	376.051
337.37 	376.051
356.239 	376.051
376.051 	376.051
396.853 	376.051
418.696 	376.051
441.631 	376.051
465.712 	376.051
490.998 	376.051
517.548 	376.051
545.425 	376.051
574.696 	376.051
605.431 	376.051
637.703 	376.051
671.588 	376.051
707.167 	376.051
744.526 	376.051
783.752 	376.051
824.94 	376.051
868.187 	376.051
913.596 	376.051
961.276 	376.051
1000 	376.051
0 	396.853
2 	396.853
4.1 	396.853
6.305 	396.853
8.62025 	396.853
11.0513 	396.853
13.6038 	396.853
16.284 	396.853
19.0982 	396.853
22.0531 	396.853
25.1558 	396.853
28.4136 	396.853
31.8343 	396.853
35.426 	396.853
39.1973 	396.853
43.1571 	396.853
47.315 	396.853
51.6807 	396.853
56.2648 	396.853
61.078 	396.853
66.1319 	396.853
71.4385 	396.853
77.0104 	396.853
82.861 	396.853
89.004 	396.853
95.4542 	396.853
102.227 	396.853
109.338 	396.853
116.805 	396.853
124.645 	396.853
132.878 	396.853
141.522 	396.853
150.598 	396.853
160.128 	396.853
170.134 	396.853
180.641 	396.853
191.673 	396.853
203.256 	396.853
215.419 	396.853
228.19 	396.853
241.6 	396.853
255.68 	396.853
270.464 	396.853
285.987 	396.853
302.286 	396.853
319.4 	396.853
337.37 	396.853
356.239 	396.853
376.051 	396.853
396.853 	396.853
418.696 	396.853
441.631 	396.853
465.712 	396.853
490.998 	396.853
517.548 	396.853
545.425 	396.853
574.696 	396.853
605.431 	396.853
637.703 	396.853
671.588 	396.853
707.167 	396.853
744.526 	396.853
783.752 	396.853
824.94 	396.853
868.187 	396.853
913.596 	396.853
961.276 	396.853
1000 	396.853
0 	418.696
2 	418.696
4.1 	418.696
6.305 	418.696
8.62025 	418.696
11.0513 	418.696
13.6038 	418.696
16.284 	418.696
19.0982 	418.696
22.0531 	418.696
25.1558 	418.696
28.4136 	418.696
31.8343 	418.696
35.426 	418.696
39.1973 	418.696
43.1571 	418.696
47.315 	418.696
51.6807 	418.696
56.2648 	418.696
61.078 	418.696
66.1319 	418.696
71.4385 	418.696
77.0104 	418.696
82.861 	418.696
89.004 	418.696
95.4542 	418.696
102.227 	418.696
109.338 	418.696
116.805 	418.696
124.645 	418.696
132.878 	418.696
141.522 	418.696
150.598 	418.696
160.128 	418.696
170.134 	418.696
180.641 	418.696
191.673 	418.696
203.256 	418.696
215.419 	418.696
228.19 	418.696
241.6 	418.696
255.68 	418.696
270.464 	418.696
285.987 	418.696
302.286 	418.696
319.4 	418.696
337.37 	418.696
356.239 	418.696
376.051 	418.696
396.853 	418.696
418.696 	418.696
441.631 	418.696
465.712 	418.696
490.998 	418.696
517.548 	418.696
545.425 	418.696
574.696 	418.696
605.431 	418.696
637.703 	418.696
671.588 	418.696
707.167 	418.696
744.526 	418.696
783.752 	418.696
824.94 	418.696
868.187 	418.696
913.596 	418.696
961.276 	418.696
1000 	418.696
0 	441.631
2 	441.631
4.1 	441.631
6.305 	441.631
8.62025 	441.631
11.0513 	441.631
13.6038 	441.631
16.284 	441.631
19.0982 	441.631
22.0531 	441.631
25.1558 	441.631
28.4136 	441.631
31.8343 	441.631
35.426 	441.631
39.1973 	441.631
43.1571 	441.631
47.315 	441.631
51.6807 	441.631
56.2648 	441.631
61.078 	441.631
66.1319 	441.631
71.4385 	441.631
77.0104 	441.631
82.861 	441.631
89.004 	441.631
95.4542 	441.631
102.227 	441.631
109.338 	441.631
116.805 	441.631
124.645 	441.631
132.878 	441.631
141.522 	441.631
150.598 	441.631
160.128 	441.631
170.134 	441.631
180.641 	441.631
191.673 	441.631
203.256 	441.631
215.419 	441.631
228.19 	441.631
241.6 	441.631
255.68 	441.631
270.464 	441.631
285.987 	441.631
302.286 	441.631
319.4 	441.631
337.37 	441.631
356.239 	441.631
376.051 	441.631
396.853 	441.631
418.696 	441.631
441.631 	441.631
465.712 	441.631
490.998 	441.631
517.548 	441.631
545.425 	441.631
574.696 	441.631
605.431 	441.631
637.703 	441.631
671.588 	441.631
707.167 	441.631
744.526 	441.631
783.752 	441.631
824.94 	441.631
868.187 	441.631
913.596 	441.631
961.276 	441.631
1000 	441.631
0 	465.712
2 	465.712
4.1 	465.712
6.305 	465.712
8.62025 	465.712
11.0513 	465.712
13.6038 	465.712
16.284 	465.712
19.0982 	465.712
22.0531 	465.712
25.1558 	465.712
28.4136 	465.712
31.8343 	465.712
35.426 	465.712
39.1973 	465.712
43.1571 	465.712
47.315 	465.712
51.6807 	465.712
56.2648 	465.712
61.078 	465.712
66.1319 	465.712
71.4385 	465.712
77.0104 	465.712
82.861 	465.712
89.004 	465.712
95.4542 	465.712
102.227 	465.712
109.338 	465.712
116.805 	465.712
124.645 	465.712
132.878 	465.712
141.522 	465.712
150.598 	465.712
160.128 	465.712
170.134 	465.712
180.641 	465.712
191.673 	465.712
203.256 	465.712
215.419 	465.712
228.19 	465.712
241.6 	465.712
255.68 	465.712
270.464 	465.712
285.987 	465.712
302.286 	465.712
319.4 	465.712
337.37 	465.712
356.239 	465.712
376.051 	465.712
396.853 	465.712
418.696 	465.712
441.631 	465.712
465.712 	465.712
490.998 	465.712
517.548 	465.712
545.425 	465.712
574.696 	465.712
605.431 	465.712
637.703 	465.712
671.588 	465.712
707.167 	465.712
744.526 	465.712
783.752 	465.712
824.94 	465.712
868.187 	465.712
913.596 	465.712
961.276 	465.712
1000 	465.712
0 	490.998
2 	490.998
4.1 	490.998
6.305 	490.998
8.62025 	490.998
11.0513 	490.998
13.6038 	490.998
16.284 	490.998
19.0982 	490.998
22.0531 	490.998
25.1558 	490.998
28.4136 	490.998
31.8343 	490.998
35.426 	490.998
39.1973 	490.998
43.1571 	490.998
47.315 	490.998
51.6807 	490.998
56.2648 	490.998
61.078 	490.998
66.1319 	490.998
71.4385 	490.998
77.0104 	490.998
82.861 	490.998
89.004 	490.998
95.4542 	490.998
102.227 	490.998
109.338 	490.998
116.805 	490.998
124.645 	490.998
132.878 	490.998
141.522 	490.998
150.598 	490.998
160.128 	490.998
170.134 	490.998
180.641 	490.998
191.673 	490.998
203.256 	490.998
215.419 	490.998
228.19 	490.998
241.6 	490.998
255.68 	490.998
270.464 	490.998
285.987 	490.998
302.286 	490.998
319.4 	490.998
337.37 	490.998
356.239 	490.998
376.051 	490.998
396.853 	490.998
418.696 	490.998
441.631 	490.998
465.712 	490.998
490.998 	490.998
517.548 	490.998
545.425 	490.998
574.696 	490.998
605.431 	490.998
637.703 	490.998
671.588 	490.998
707.167 	490.998
744.526 	490.998
783.752 	490.998
824.94 	490.998
868.187 	490.998
913.596 	490.998
961.276 	490.998
1000 	490.998
0 	517.548
2 	517.548
4.1 	517.548
6.305 	517.548
8.62025 	517.548
11.0513 	517.548
13.6038 	517.548
16.284 	517.548
19.0982 	517.548
22.0531 	517.548
25.1558 	517.548
28.4136 	517.548
31.8343 	517.548
35.426 	517.548
39.1973 	517.548
43.1571 	517.548
47.315 	517.548
51.6807 	517.548
56.2648 	517.548
61.078 	517.548
66.1319 	517.548
71.4385 	517.548
77.0104 	517.548
82.861 	517.548
89.004 	517.548
95.4542 	517.548
102.227 	517.548
109.338 	517.548
116.805 	517.548
124.645 	517.548
132.878 	517.548
141.522 	517.548
150.598 	517.548
160.128 	517.548
170.134 	517.548
180.641 	517.548
191.673 	517.548
203.256 	517.548
215.419 	517.548
228.19 	517.548
241.6 	517.548
255.68 	517.548
270.464 	517.548
285.987 	517.548
302.286 	517.548
319.4 	517.548
337.37 	517.548
356.239 	517.548
376.051 	517.548
396.853 	517.548
418.696 	517.548
441.631 	517.548
465.712 	517.548
490.998 	517.548
517.548 	517.548
545.425 	517.548
574.696 	517.548
605.431 	517.548
637.703 	517.548
671.588 	517.548
707.167 	517.548
744.526 	517.548
783.752 	517.548
824.94 	517.548
868.187 	517.548
913.596 	517.548
961.276 	517.548
1000 	517.548
0 	545.425
2 	545.425
4.1 	545.425
6.305 	545.425
8.62025 	545.425
11.0513 	545.425
13.6038 	545.425
16.284 	545.425
19.0982 	545.425
22.0531 	545.425
25.1558 	545.425
28.4136 	545.425
31.8343 	545.425
35.426 	545.425
39.1973 	545.425
43.1571 	545.425
47.315 	545.425
51.6807 	545.425
56.2648 	545.425
61.078 	545.425
66.1319 	545.425
71.4385 	545.425
77.0104 	545.425
82.861 	545.425
89.004 	545.425
95.4542 	545.425
102.227 	545.425
109.338 	545.425
116.805 	545.425
124.645 	545.425
132.878 	545.425
141.522 	545.425
150.598 	545.425
160.128 	545.425
170.134 	545.425
180.641 	545.425
191.673 	545.425
203.256 	545.425
215.419 	545.425
228.19 	545.425
241.6 	545.425
255.68 	545.425
270.464 	545.425
285.987 	545.425
302.286 	545.425
319.4 	545.425
337.37 	545.425
356.239 	545.425
376.051 	545.425
396.853 	545.425
418.696 	545.425
441.631 	545.425
465.712 	545.425
490.998 	545.425
517.548 	545.425
545.425 	545.425
574.696 	545.425
605.431 	545.425
637.703 	545.425
671.588 	545.425
707.167 	545.425
744.526 	545.425
783.752 	545.425
824.94 	545.425
868.187 	545.425
913.596 	545.425
961.276 	545.425
1000 	545.425
0 	574.696
2 	574.696
4.1 	574.696
6.305 	574.696
8.62025 	574.696
11.0513 	574.696
13.6038 	574.696
16.284 	574.696
19.0982 	574.696
22.0531 	574.696
25.1558 	574.696
28.4136 	574.696
31.8343 	574.696
35.426 	574.696
39.1973 	574.696
43.1571 	574.696
47.315 	574.696
51.6807 	574.696
56.2648 	574.696
61.078 	574.696
66.1319 	574.696
71.4385 	574.696
77.0104 	574.696
82.861 	574.696
89.004 	574.696
95.4542 	574.696
102.227 	574.696
109.338 	574.696
116.805 	574.696
124.645 	574.696
132.878 	574.696
141.522 	574.696
150.598 	574.696
160.128 	574.696
170.134 	574.696
180.641 	574.696
191.673 	574.696
203.256 	574.696
215.419 	574.696
228.19 	574.696
241.6 	574.696
255.68 	574.696
270.464 	574.696
285.987 	574.696
302.286 	574.696
319.4 	574.696
337.37 	574.696
356.239 	574.696
376.051 	574.696
396.853 	574.696
418.696 	574.696
441.631 	574.696
465.712 	574.696
490.998 	574.696
517.548 	574.696
545.425 	574.696
574.696 	574.696
605.431 	574.696
637.703 	574.696
671.588 	574.696
707.167 	574.696
744.526 	574.696
783.752 	574.696
824.94 	574.696
868.187 	574.696
913.596 	574.696
961.276 	574.696
1000 	574.696
0 	605.431
2 	605.431
4.1 	605.431
6.305 	605.431
8.62025 	605.431
11.0513 	605.431
13.6038 	605.431
16.284 	605.431
19.0982 	605.431
22.0531 	605.431
25.1558 	605.431
28.4136 	605.431
31.8343 	605.431
35.426 	605.431
39.1973 	605.431
43.1571 	605.431
47.315 	605.431
51.6807 	605.431
56.2648 	605.431
61.078 	605.431
66.1319 	605.431
71.4385 	605.431
77.0104 	605.431
82.861 	605.431
89.004 	605.431
95.4542 	605.431
102.227 	605.431
109.338 	605.431
116.805 	605.431
124.645 	605.431
132.878 	605.431
141.522 	605.431
150.598 	605.431
160.128 	605.431
170.134 	605.431
180.641 	605.431
191.673 	605.431
203.256 	605.431
215.419 	605.431
228.19 	605.431
241.6 	605.431
255.68 	605.431
270.464 	605.431
285.987 	605.431
302.286 	605.431
319.4 	605.431
337.37 	605.431
356.239 	605.431
376.051 	605.431
396.853 	605.431
418.696 	605.431
441.631 	605.431
465.712 	605.431
490.998 	605.431
517.548 	605.431
545.425 	605.431
574.696 	605.431
605.431 	605.431
637.703 	605.431
671.588 	605.431
707.167 	605.431
744.526 	605.431
783.752 	605.431
824.94 	605.431
868.187 	605.431
913.596 	605.431
961.276 	605.431
1000 	605.431
0 	637.703
2 	637.703
4.1 	637.703
6.305 	637.703
8.62025 	637.703
11.0513 	637.703
13.6038 	637.703
16.284 	637.703
19.0982 	637.703
22.0531 	637.703
25.1558 	637.703
28.4136 	637.703
31.8343 	637.703
35.426 	637.703
39.1973 	637.703
43.1571 	637.703
47.315 	637.703
51.6807 	637.703
56.2648 	637.703
61.078 	637.703
66.1319 	637.703
71.4385 	637.703
77.0104 	637.703
82.861 	637.703
89.004 	637.703
95.4542 	637.703
102.227 	637.703
109.338 	637.703
116.805 	637.703
124.645 	637.703
132.878 	637.703
141.522 	637.703
150.598 	637.703
160.128 	637.703
170.134 	637.703
180.641 	637.703
191.673 	637.703
203.256 	637.703
215.419 	637.703
228.19 	637.703
241.6 	637.703
255.68 	637.703
270.464 	637.703
285.987 	637.703
302.286 	637.703
319.4 	637.703
337.37 	637.703
356.239 	637.703
376.051 	637.703
396.853 	637.703
418.696 	637.703
441.631 	637.703
465.712 	637.703
490.998 	637.703
517.548 	637.703
545.425 	637.703
574.696 	637.703
605.431 	637.703
637.703 	637.703
671.588 	637.703
707.167 	637.703
744.526 	637.703
783.752 	637.703
824.94 	637.703
868.187 	637.703
913.596 	637.703
961.276 	637.703
1000 	637.703
0 	671.588
2 	671.588
4.1 	671.588
6.305 	671.588
8.62025 	671.588
11.0513 	671.588
13.6038 	671.588
16.284 	671.588
19.0982 	671.588
22.0531 	671.588
25.1558 	671.588
28.4136 	671.588
31.8343 	671.588
35.426 	671.588
39.1973 	671.588
43.1571 	671.588
47.315 	671.588
51.6807 	671.588
56.2648 	671.588
61.078 	671.588
66.1319 	671.588
71.4385 	671.588
77.0104 	671.588
82.861 	671.588
89.004 	671.588
95.4542 	671.588
102.227 	671.588
109.338 	671.588
116.805 	671.588
124.645 	671.588
132.878 	671.588
141.522 	671.588
150.598 	671.588
160.128 	671.588
170.134 	671.588
180.641 	671.588
191.673 	671.588
203.256 	671.588
215.419 	671.588
228.19 	671.588
241.6 	671.588
255.68 	671.588
270.464 	671.588
285.987 	671.588
302.286 	671.588
319.4 	671.588
337.37 	671.588
356.239 	671.588
376.051 	671.588
396.853 	671.588
418.696 	671.588
441.631 	671.588
465.712 	671.588
490.998 	671.588
517.548 	671.588
545.425 	671.588
574.696 	671.588
605.431 	671.588
637.703 	671.588
671.588 	671.588
707.167 	671.588
744.526 	671.588
783.752 	671.588
824.94 	671.588
868.187 	671.588
913.596 	671.588
961.276 	671.588
1000 	671.588
0 	707.167
2 	707.167
4.1 	707.167
6.305 	707.167
8.62025 	707.167
11.0513 	707.167
13.6038 	707.167
16.284 	707.167
19.0982 	707.167
22.0531 	707.167
25.1558 	707.167
28.4136 	707.167
31.8343 	707.167
35.426 	707.167
39.1973 	707.167
43.1571 	707.167
47.315 	707.167
51.6807 	707.167
56.2648 	707.167
61.078 	707.167
66.1319 	707.167
71.4385 	707.167
77.0104 	707.167
82.861 	707.167
89.004 	707.167
95.4542 	707.167
102.227 	707.167
109.338 	707.167
116.805 	707.167
124.645 	707.167
132.878 	707.167
141.522 	707.167
150.598 	707.167
160.128 	707.167
170.134 	707.167
180.641 	707.167
191.673 	707.167
203.256 	707.167
215.419 	707.167
228.19 	707.167
241.6 	707.167
255.68 	707.167
270.464 	707.167
285.987 	707.167
302.286 	707.167
319.4 	707.167
337.37 	707.167
356.239 	707.167
376.051 	707.167
396.853 	707.167
418.696 	707.167
441.631 	707.167
465.712 	707.167
490.998 	707.167
517.548 	707.167
545.425 	707.167
574.696 	707.167
605.431 	707.167
637.703 	707.167
671.588 	707.167
707.167 	707.167
744.526 	707.167
783.752 	707.167
824.94 	707.167
868.187 	707.167
913.596 	707.167
961.276 	707.167
1000 	707.167
0 	744.526
2 	744.526
4.1 	744.526
6.305 	744.526
8.62025 	744.526
11.0513 	744.526
13.6038 	744.526
16.284 	744.526
19.0982 	744.526
22.0531 	744.526
25.1558 	744.526
28.4136 	744.526
31.8343 	744.526
35.426 	744.526
39.1973 	744.526
43.1571 	744.526
47.315 	744.526
51.6807 	744.526
56.2648 	744.526
61.078 	744.526
66.1319 	744.526
71.4385 	744.526
77.0104 	744.526
82.861 	744.526
89.004 	744.526
95.4542 	744.526
102.227 	744.526
109.338 	744.526
116.805 	744.526
124.645 	744.526
132.878 	744.526
141.522 	744.526
150.598 	744.526
160.128 	744.526
170.134 	744.526
180.641 	744.526
191.673 	744.526
203.256 	744.526
215.419 	744.526
228.19 	744.526
241.6 	744.526
255.68 	744.526
270.464 	744.526
285.987 	744.526
302.286 	744.526
319.4 	744.526
337.37 	744.526
356.239 	744.526
376.051 	744.526
396.853 	744.526
418.696 	744.526
441.631 	744.526
465.712 	744.526
490.998 	744.526
517.548 	744.526
545.425 	744.526
574.696 	744.526
605.431 	744.526
637.703 	744.526
671.588 	744.526
707.167 	744.526
744.526 	744.526
783.752 	744.526
824.94 	744.526
868.187 	744.526
913.596 	744.526
961.276 	744.526
1000 	744.526
0 	783.752
2 	783.752
4.1 	783.752
6.305 	783.752
8.62025 	783.752
11.0513 	783.752
13.6038 	783.752
16.284 	783.752
19.0982 	783.752
22.0531 	783.752
25.1558 	783.752
28.4136 	783.752
31.8343 	783.752
35.426 	783.752
39.1973 	783.752
43.1571 	783.752
47.315 	783.752
51.6807 	783.752
56.2648 	783.752
61.078 	783.752
66.1319 	783.752
71.4385 	783.752
77.0104 	783.752
82.861 	783.752
89.004 	783.752
95.4542 	783.752
102.227 	783.752
109.338 	783.752
116.805 	783.752
124.645 	783.752
132.878 	783.752
141.522 	783.752
150.598 	783.752
160.128 	783.752
170.134 	783.752
180.641 	783.752
191.673 	783.752
203.256 	783.752
215.419 	783.752
228.19 	783.752
241.6 	783.752
255.68 	783.752
270.464 	783.752
285.987 	783.752
302.286 	783.752
319.4 	783.752
337.37 	783.752
356.239 	783.752
376.051 	783.752
396.853 	783.752
418.696 	783.752
441.631 	783.752
465.712 	783.752
490.998 	783.752
517.548 	783.752
545.425 	783.752
574.696 	783.752
605.431 	783.752
637.703 	783.752
671.588 	783.752
707.167 	783.752
744.526 	783.752
783.752 	783.752
824.94 	783.752
868.187 	783.752
913.596 	783.752
961.276 	783.752
1000 	783.752
0 	824.94
2 	824.94
4.1 	824.94
6.305 	824.94
8.62025 	824.94
11.0513 	824.94
13.6038 	824.94
16.284 	824.94
19.0982 	824.94
22.0531 	824.94
25.1558 	824.94
28.4136 	824.94
31.8343 	824.94
35.426 	824.94
39.1973 	824.94
43.1571 	824.94
47.315 	824.94
51.6807 	824.94
56.2648 	824.94
61.078 	824.94
66.1319 	824.94
71.4385 	824.94
77.0104 	824.94
82.861 	824.94
89.004 	824.94
95.4542 	824.94
102.227 	824.94
109.338 	824.94
116.805 	824.94
124.645 	824.94
132.878 	824.94
141.522 	824.94
150.598 	824.94
160.128 	824.94
170.134 	824.94
180.641 	824.94
191.673 	824.94
203.256 	824.94
215.419 	824.94
228.19 	824.94
241.6 	824.94
255.68 	824.94
270.464 	824.94
285.987 	824.94
302.286 	824.94
319.4 	824.94
337.37 	824.94
356.239 	824.94
376.051 	824.94
396.853 	824.94
418.696 	824.94
441.631 	824.94
465.712 	824.94
490.998 	824.94
517.548 	824.94
545.425 	824.94
574.696 	824.94
605.431 	824.94
637.703 	824.94
671.588 	824.94
707.167 	824.94
744.526 	824.94
783.752 	824.94
824.94 	824.94
868.187 	824.94
913.596 	824.94
961.276 	824.94
1000 	824.94
0 	868.187
2 	868.187
4.1 	868.187
6.305 	868.187
8.62025 	868.187
11.0513 	868.187
13.6038 	868.187
16.284 	868.187
19.0982 	868.187
22.0531 	868.187
25.1558 	868.187
28.4136 	868.187
31.8343 	868.187
35.426 	868.187
39.1973 	868.187
43.1571 	868.187
47.315 	868.187
51.6807 	868.187
56.2648 	868.187
61.078 	868.187
66.1319 	868.187
71.4385 	868.187
77.0104 	868.187
82.861 	868.187
89.004 	868.187
95.4542 	868.187
102.227 	868.187
109.338 	868.187
116.805 	868.187
124.645 	868.187
132.878 	868.187
141.522 	868.187
150.598 	868.187
160.128 	868.187
170.134 	868.187
180.641 	868.187
191.673 	868.187
203.256 	868.187
215.419 	868.187
228.19 	868.187
241.6 	868.187
255.68 	868.187
270.464 	868.187
285.987 	868.187
302.286 	868.187
319.4 	868.187
337.37 	868.187
356.239 	868.187
376.051 	868.187
396.853 	868.187
418.696 	868.187
441.631 	868.187
465.712 	868.187
490.998 	868.187
517.548 	868.187
545.425 	868.187
574.696 	868.187
605.431 	868.187
637.703 	868.187
671.588 	868.187
707.167 	868.187
744.526 	868.187
783.752 	868.187
824.94 	868.187
868.187 	868.187
913.596 	868.187
961.276 	868.187
1000 	868.187
0 	913.596
2 	913.596
4.1 	913.596
6.305 	913.596
8.62025 	913.596
11.0513 	913.596
13.6038 	913.596
16.284 	913.596
19.0982 	913.596
22.0531 	913.596
25.1558 	913.596
28.4136 	913.596
31.8343 	913.596
35.426 	913.596
39.1973 	913.596
43.1571 	913.596
47.315 	913.596
51.6807 	913.596
56.2648 	913.596
61.078 	913.596
66.1319 	913.596
71.4385 	913.596
77.0104 	913.596
82.861 	913.596
89.004 	913.596
95.4542 	913.596
102.227 	913.596
109.338 	913.596
116.805 	913.596
124.645 	913.596
132.878 	913.596
141.522 	913.596
150.598 	913.596
160.128 	913.596
170.134 	913.596
180.641 	913.596
191.673 	913.596
203.256 	913.596
215.419 	913.596
228.19 	913.596
241.6 	913.596
255.68 	913.596
270.464 	913.596
285.987 	913.596
302.286 	913.596
319.4 	913.596
337.37 	913.596
356.239 	913.596
376.051 	913.596
396.853 	913.596
418.696 	913.596
441.631 	913.596
465.712 	913.596
490.998 	913.596
517.548 	913.596
545.425 	913.596
574.696 	913.596
605.431 	913.596
637.703 	913.596
671.588 	913.596
707.167 	913.596
744.526 	913.596
783.752 	913.596
824.94 	913.596
868.187 	913.596
913.596 	913.596
961.276 	913.596
1000 	913.596
0 	961.276
2 	961.276
4.1 	961.276
6.305 	961.276
8.62025 	961.276
11.0513 	961.276
13.6038 	961.276
16.284 	961.276
19.0982 	961.276
22.0531 	961.276
25.1558 	961.276
28.4136 	961.276
31.8343 	961.276
35.426 	961.276
39.1973 	961.276
43.1571 	961.276
47.315 	961.276
51.6807 	961.276
56.2648 	961.276
61.078 	961.276
66.1319 	961.276
71.4385 	961.276
77.0104 	961.276
82.861 	961.276
89.004 	961.276
95.4542 	961.276
102.227 	961.276
109.338 	961.276
116.805 	961.276
124.645 	961.276
132.878 	961.276
141.522 	961.276
150.598 	961.276
160.128 	961.276
170.134 	961.276
180.641 	961.276
191.673 	961.276
203.256 	961.276
215.419 	961.276
228.19 	961.276
241.6 	961.276
255.68 	961.276
270.464 	961.276
285.987 	961.276
302.286 	961.276
319.4 	961.276
337.37 	961.276
356.239 	961.276
376.051 	961.276
396.853 	961.276
418.696 	961.276
441.631 	961.276
465.712 	961.276
490.998 	961.276
517.548 	961.276
545.425 	961.276
574.696 	961.276
605.431 	961.276
637.703 	961.276
671.588 	961.276
707.167 	961.276
744.526 	961.276
783.752 	961.276
824.94 	961.276
868.187 	961.276
913.596 	961.276
961.276 	961.276
1000 	961.276
0 	1000
2 	1000
4.1 	1000
6.305 	1000
8.62025 	1000
11.0513 	1000
13.6038 	1000
16.284 	1000
19.0982 	1000
22.0531 	1000
25.1558 	1000
28.4136 	1000
31.8343 	1000
35.426 	1000
39.1973 	1000
43.1571 	1000
47.315 	1000
51.6807 	1000
56.2648 	1000
61.078 	1000
66.1319 	1000
71.4385 	1000
77.0104 	1000
82.861 	1000
89.004 	1000
95.4542 	1000
102.227 	1000
109.338 	1000
116.805 	1000
124.645 	1000
132.878 	1000
141.522 	1000
150.598 	1000
160.128 	1000
170.134 	1000
180.641 	1000
191.673 	1000
203.256 	1000
215.419 	1000
228.19 	1000
241.6 	1000
255.68 	1000
270.464 	1000
285.987 	1000
302.286 	1000
319.4 	1000
337.37 	1000
356.239 	1000
376.051 	1000
396.853 	1000
418.696 	1000
441.631 	1000
465.712 	1000
490.998 	1000
517.548 	1000
545.425 	1000
574.696 	1000
605.431 	1000
637.703 	1000
671.588 	1000
707.167 	1000
744.526 	1000
783.752 	1000
824.94 	1000
868.187 	1000
913.596 	1000
961.276 	1000
1000 	1000
